Timestamp,roll,pitch, yaw, eyes_up
08-06-2015-12:03:22:778,0,0,0,0
08-06-2015-12:03:22:949,0,0,0,0
08-06-2015-12:03:23:121,0,0,0,0
08-06-2015-12:03:23:289,0,0,0,0
08-06-2015-12:03:23:461,0,0,0,0
08-06-2015-12:03:23:633,0,0,0,0
08-06-2015-12:03:24:409,7.17053461074829,31.8110847473145,3.61052060127258,0
08-06-2015-12:03:24:581,10.0682392120361,21.6883888244629,3.92985773086548,0
08-06-2015-12:03:24:748,9.60598850250244,23.6022758483887,0.470994234085083,100
08-06-2015-12:03:24:960,4.4922513961792,22.2235450744629,-6.3951210975647,0
08-06-2015-12:03:25:133,1.52596521377563,23.5838298797607,-8.85200786590576,100
08-06-2015-12:03:25:341,-0.0613524913787842,27.6496467590332,-6.37721538543701,0
08-06-2015-12:03:25:513,-2.80011391639709,28.6515216827393,-6.3014931678772,0
08-06-2015-12:03:25:685,-2.65033507347107,28.4998722076416,-6.85164499282837,0
08-06-2015-12:03:25:853,-2.45916724205017,28.5952854156494,-6.79629898071289,100
08-06-2015-12:03:26:065,-2.52362179756165,27.3260478973389,-6.66552114486694,100
08-06-2015-12:03:26:236,-2.77910971641541,26.9580669403076,-7.12908506393433,100
08-06-2015-12:03:26:405,-2.43773627281189,26.6676540374756,-7.39669895172119,100
08-06-2015-12:03:26:781,-2.97481083869934,30.9443874359131,-7.66627407073975,0
08-06-2015-12:03:27:029,-1.95688676834106,25.4909400939941,-7.37320184707642,100
08-06-2015-12:03:27:241,-1.9706404209137,25.4320411682129,-7.38635730743408,100
08-06-2015-12:03:27:413,-1.80881071090698,25.4424133300781,-7.4094352722168,100
08-06-2015-12:03:27:585,-1.85382354259491,25.3056125640869,-7.38917684555054,100
08-06-2015-12:03:27:753,-1.87017273902893,25.1806240081787,-7.41588687896729,100
08-06-2015-12:03:27:925,-1.99864459037781,25.0064392089844,-7.42025518417358,100
08-06-2015-12:03:28:097,-1.88623690605164,25.1498241424561,-7.44934463500977,100
08-06-2015-12:03:28:264,-1.88373935222626,25.018180847168,-7.43423795700073,100
08-06-2015-12:03:28:437,-1.78766119480133,24.9255218505859,-7.31592559814453,100
08-06-2015-12:03:28:605,-1.7853285074234,24.3431358337402,-7.26258707046509,100
08-06-2015-12:03:28:777,-1.65302860736847,23.5495567321777,-7.05480003356934,100
08-06-2015-12:03:28:989,-1.60986232757568,23.3341293334961,-7.13856077194214,100
08-06-2015-12:03:29:157,-1.55853593349457,23.2531356811523,-7.2308554649353,100
08-06-2015-12:03:29:369,-1.54143047332764,23.2961254119873,-6.95394897460938,100
08-06-2015-12:03:29:540,-1.56063175201416,23.2969017028809,-6.99816656112671,100
08-06-2015-12:03:29:713,-1.62508094310761,23.2923126220703,-7.09510850906372,100
08-06-2015-12:03:29:962,-1.63004922866821,23.3268775939941,-7.30542421340942,100
08-06-2015-12:03:30:173,-1.51590669155121,22.5615730285645,-7.14017200469971,100
08-06-2015-12:03:30:345,-1.5202442407608,22.5406341552734,-7.14409160614014,100
08-06-2015-12:03:30:557,-1.64518427848816,22.6212711334229,-7.31704807281494,100
08-06-2015-12:03:30:725,-1.73202347755432,22.6586742401123,-7.37951469421387,100
08-06-2015-12:03:30:897,-1.74608874320984,22.6882400512695,-7.41343069076538,100
08-06-2015-12:03:31:064,-1.70991337299347,22.6939315795898,-7.46697950363159,100
08-06-2015-12:03:31:237,-1.42043268680573,22.1324138641357,-7.14324951171875,100
08-06-2015-12:03:31:409,-1.30612111091614,21.3763408660889,-6.64897537231445,100
08-06-2015-12:03:31:617,-0.999426305294037,21.5808296203613,-6.2383279800415,100
08-06-2015-12:03:31:789,-1.08676064014435,22.4865417480469,-6.77153158187866,100
08-06-2015-12:03:31:961,-0.461395442485809,21.0646514892578,-7.21810913085938,100
08-06-2015-12:03:32:128,-0.423534423112869,21.3480453491211,-7.03791666030884,100
08-06-2015-12:03:32:301,-0.672081768512726,21.9221019744873,-6.7908992767334,100
08-06-2015-12:03:32:471,-0.652756571769714,21.8806571960449,-6.74766206741333,100
08-06-2015-12:03:32:641,-0.656700491905212,21.8762187957764,-6.7415132522583,100
08-06-2015-12:03:32:773,-0.704462468624115,21.8612251281738,-6.84148502349854,100
08-06-2015-12:03:32:901,-0.703801691532135,22.0230598449707,-6.80583000183105,100
08-06-2015-12:03:33:033,-0.725668370723724,21.6718082427979,-6.85565614700317,100
08-06-2015-12:03:33:201,-0.69497275352478,21.6103420257568,-6.83269262313843,100
08-06-2015-12:03:33:333,-0.687284052371979,21.574104309082,-6.7917594909668,100
08-06-2015-12:03:33:465,-0.633564889431,21.6740074157715,-6.79669618606567,100
08-06-2015-12:03:33:593,-0.654387533664703,21.7017021179199,-6.81169652938843,100
08-06-2015-12:03:33:725,-0.606868326663971,21.7349586486816,-6.75603342056274,100
08-06-2015-12:03:33:853,-0.608548581600189,21.7203483581543,-6.74439525604248,100
08-06-2015-12:03:34:025,-0.610372364521027,21.7109470367432,-6.74312829971313,100
08-06-2015-12:03:34:156,-0.635179579257965,21.7122554779053,-6.7620267868042,100
08-06-2015-12:03:34:285,-0.641144275665283,21.6865272521973,-6.76733303070068,100
08-06-2015-12:03:34:417,-0.623308718204498,21.7216453552246,-6.75549268722534,100
08-06-2015-12:03:34:545,-0.630879104137421,21.7343292236328,-6.7710599899292,100
08-06-2015-12:03:34:677,-0.635784864425659,21.7832279205322,-6.9168267250061,100
08-06-2015-12:03:34:809,-0.663415670394897,21.759449005127,-6.92024993896484,100
08-06-2015-12:03:34:937,-0.693217098712921,21.8050975799561,-6.95782709121704,100
08-06-2015-12:03:35:069,-0.749193608760834,21.8861560821533,-6.841064453125,100
08-06-2015-12:03:35:197,-0.762795329093933,21.86696434021,-6.84477519989014,100
08-06-2015-12:03:35:329,-0.810608327388763,21.5590114593506,-6.91670274734497,100
08-06-2015-12:03:35:457,-0.785066843032837,21.7256679534912,-6.93015623092651,100
08-06-2015-12:03:35:589,-0.873672425746918,21.4758071899414,-7.06546115875244,100
08-06-2015-12:03:35:721,-0.883517265319824,21.4595623016357,-7.09239482879639,100
08-06-2015-12:03:35:849,-0.880206644535065,21.4517154693604,-7.08962869644165,100
08-06-2015-12:03:35:981,-1.01642894744873,21.522590637207,-7.22973489761353,100
08-06-2015-12:03:36:109,-1.00859498977661,21.5383758544922,-7.22961950302124,100
08-06-2015-12:03:36:241,-1.00733935832977,21.5382061004639,-7.23819875717163,100
08-06-2015-12:03:36:369,-0.958688974380493,21.4380416870117,-7.30753946304321,100
08-06-2015-12:03:36:502,-0.660847067832947,21.7800846099854,-7.17977714538574,100
08-06-2015-12:03:36:629,-0.658528625965118,21.8915615081787,-7.1624436378479,100
08-06-2015-12:03:36:761,-0.667566239833832,21.7650089263916,-7.19017744064331,100
08-06-2015-12:03:36:893,-0.63705837726593,21.6969051361084,-7.15815258026123,100
08-06-2015-12:03:37:021,-0.653040111064911,21.7217254638672,-7.17041826248169,100
08-06-2015-12:03:37:152,-0.605233132839203,21.7409572601318,-7.13930702209473,100
08-06-2015-12:03:37:281,-0.547292649745941,21.5082759857178,-7.3325514793396,100
08-06-2015-12:03:37:412,-0.560803592205048,21.4919700622559,-7.32534599304199,100
08-06-2015-12:03:37:545,-0.57545417547226,21.4880847930908,-7.31040477752686,100
08-06-2015-12:03:37:673,-0.576944291591644,21.48779296875,-7.31587934494019,100
08-06-2015-12:03:37:805,-0.491439968347549,21.3550643920898,-7.12550258636475,100
08-06-2015-12:03:37:977,-0.484236985445023,21.317253112793,-7.12662696838379,100
08-06-2015-12:03:38:105,-0.52560955286026,21.321964263916,-7.11740732192993,100
08-06-2015-12:03:38:237,-0.546088993549347,21.4196147918701,-7.02935552597046,100
08-06-2015-12:03:38:365,-0.57039612531662,21.3716316223145,-7.03038930892944,100
08-06-2015-12:03:38:497,-0.567825496196747,21.3674392700195,-7.04731273651123,100
08-06-2015-12:03:38:625,-0.427573949098587,21.4976844787598,-6.14077043533325,100
08-06-2015-12:03:38:756,-0.416519343852997,21.3810634613037,-5.57870817184448,100
08-06-2015-12:03:38:884,-0.390956670045853,21.3327693939209,-5.31992244720459,100
08-06-2015-12:03:39:017,-0.0165225919336081,21.3676490783691,-3.55260968208313,100
08-06-2015-12:03:39:145,-0.319681018590927,20.7936019897461,-3.79638528823853,100
08-06-2015-12:03:39:277,-0.385366529226303,21.0288829803467,-3.47564339637756,100
08-06-2015-12:03:39:404,-0.35202494263649,21.1119995117188,-3.63508796691895,100
08-06-2015-12:03:39:536,-0.560769557952881,21.4424858093262,-3.98592519760132,100
08-06-2015-12:03:39:669,-0.707956969738007,21.7955780029297,-4.3859076499939,100
08-06-2015-12:03:39:797,-0.674621939659119,21.9420433044434,-4.03126621246338,100
08-06-2015-12:03:39:929,-0.737860679626465,21.8249797821045,-3.89226055145264,100
08-06-2015-12:03:40:057,-0.925847232341766,21.7738590240479,-4.24997758865356,100
08-06-2015-12:03:40:189,-1.19930970668793,21.741382598877,-4.74387168884277,100
08-06-2015-12:03:40:317,-1.12545049190521,22.4356422424316,-4.52158546447754,100
08-06-2015-12:03:40:449,-1.14219570159912,22.4844532012939,-4.50838184356689,100
08-06-2015-12:03:40:577,-1.18751871585846,22.3664150238037,-4.7522668838501,100
08-06-2015-12:03:40:708,-1.26293277740479,22.2584018707275,-4.85991764068604,100
08-06-2015-12:03:40:841,-1.26611971855164,22.193172454834,-4.87352466583252,100
08-06-2015-12:03:40:969,-1.28065192699432,22.0201473236084,-4.90927362442017,100
08-06-2015-12:03:41:101,-1.260573387146,21.9992847442627,-4.9000186920166,100
08-06-2015-12:03:41:229,-1.34708940982819,21.3831901550293,-5.06829643249512,100
08-06-2015-12:03:41:361,-1.35355293750763,21.3951759338379,-5.11329555511475,100
08-06-2015-12:03:41:489,-1.36949801445007,21.2805252075195,-5.15318632125854,100
08-06-2015-12:03:41:621,-1.37594604492188,21.2218589782715,-5.17122411727905,100
08-06-2015-12:03:41:753,-1.37196171283722,21.2204151153564,-5.16899728775024,100
08-06-2015-12:03:41:920,-1.42022585868835,21.1119518280029,-5.17705059051514,100
08-06-2015-12:03:42:053,-1.51061403751373,21.0424385070801,-5.43552207946777,100
08-06-2015-12:03:42:181,-1.29965662956238,21.1785373687744,-5.318115234375,100
08-06-2015-12:03:42:313,-1.33198463916779,21.192756652832,-5.34676647186279,100
08-06-2015-12:03:42:440,-1.33426511287689,21.1972675323486,-5.3606104850769,100
08-06-2015-12:03:42:573,-1.32074880599976,21.1446495056152,-5.41520881652832,100
08-06-2015-12:03:42:701,-1.39012157917023,20.7503719329834,-5.57066106796265,100
08-06-2015-12:03:42:833,-1.36707782745361,20.7774276733398,-5.57043695449829,100
08-06-2015-12:03:42:961,-1.36260640621185,20.775089263916,-5.56437301635742,100
08-06-2015-12:03:43:093,-1.32964885234833,20.7656784057617,-5.5129714012146,100
08-06-2015-12:03:43:221,-1.32264304161072,20.7615356445313,-5.50590848922729,100
08-06-2015-12:03:43:353,-1.31337332725525,20.7124671936035,-5.5096869468689,100
08-06-2015-12:03:43:481,-1.31803786754608,20.6818771362305,-5.56788492202759,100
08-06-2015-12:03:43:612,-1.32006585597992,20.6399402618408,-5.56440019607544,100
08-06-2015-12:03:43:741,-1.33822166919708,20.5701923370361,-5.56276750564575,100
08-06-2015-12:03:43:873,-1.33831369876862,20.5754318237305,-5.56057596206665,100
08-06-2015-12:03:44:005,-1.30064702033997,20.7565250396729,-5.49592542648315,100
08-06-2015-12:03:44:133,-1.30369007587433,20.7538795471191,-5.49770832061768,100
08-06-2015-12:03:44:265,-1.31294214725494,20.7591972351074,-5.52084350585938,100
08-06-2015-12:03:44:397,-1.3389585018158,20.753396987915,-5.52681493759155,100
08-06-2015-12:03:44:525,-1.3363254070282,20.7544116973877,-5.52534103393555,100
08-06-2015-12:03:44:657,-1.31450641155243,20.8767776489258,-5.47014713287354,100
08-06-2015-12:03:44:784,-1.32358741760254,20.8506088256836,-5.46689462661743,100
08-06-2015-12:03:44:917,-1.24728429317474,20.9423294067383,-5.24048852920532,100
08-06-2015-12:03:45:045,-1.27299416065216,20.8823757171631,-5.26318168640137,100
08-06-2015-12:03:45:177,-1.321653008461,20.8726177215576,-5.25899362564087,100
08-06-2015-12:03:45:309,-1.42430531978607,20.6591625213623,-5.41753911972046,100
08-06-2015-12:03:45:437,-1.37846624851227,20.6460723876953,-5.37596750259399,100
08-06-2015-12:03:45:569,-1.40573537349701,20.554500579834,-5.41150379180908,100
08-06-2015-12:03:45:697,-1.41662490367889,20.5725402832031,-5.42455577850342,100
08-06-2015-12:03:45:869,-1.39179420471191,22.3747673034668,-5.39813375473022,100
08-06-2015-12:03:45:997,-1.3651522397995,22.6138820648193,-5.34655475616455,100
08-06-2015-12:03:46:129,-1.38262033462524,22.7785167694092,-5.34823083877563,100
08-06-2015-12:03:46:257,-1.45258021354675,23.1558132171631,-5.34321022033691,100
08-06-2015-12:03:46:389,-1.60927534103394,23.5171756744385,-5.37438344955444,100
08-06-2015-12:03:46:517,-1.56425738334656,23.6419639587402,-5.30772161483765,100
08-06-2015-12:03:46:648,-1.64113509654999,23.5388259887695,-5.15044498443604,100
08-06-2015-12:03:46:780,-1.63174641132355,23.614725112915,-5.09097146987915,100
08-06-2015-12:03:46:909,-1.67904186248779,23.3093605041504,-5.27615785598755,100
08-06-2015-12:03:47:041,-1.6986517906189,23.4283790588379,-5.27448987960815,100
08-06-2015-12:03:47:169,-1.66034579277039,23.5018043518066,-5.15403413772583,100
08-06-2015-12:03:47:301,-1.66540825366974,23.5479354858398,-5.14001941680908,100
08-06-2015-12:03:47:433,-1.6955406665802,23.612491607666,-5.28260231018066,100
08-06-2015-12:03:47:562,-1.74826443195343,23.6165561676025,-5.28294277191162,100
08-06-2015-12:03:47:693,-1.72738039493561,23.6241111755371,-5.27363681793213,100
08-06-2015-12:03:47:821,-1.73427748680115,23.6590194702148,-5.27048206329346,100
08-06-2015-12:03:47:953,-1.74631690979004,23.6660118103027,-5.29608821868896,100
08-06-2015-12:03:48:081,-1.8132072687149,23.7628593444824,-5.25233364105225,100
08-06-2015-12:03:48:213,-1.80782771110535,23.7580471038818,-5.27646350860596,100
08-06-2015-12:03:48:340,-1.80844390392303,23.759635925293,-5.29553556442261,100
08-06-2015-12:03:48:473,-1.81073403358459,23.7698574066162,-5.29894971847534,100
08-06-2015-12:03:48:601,-1.82229840755463,23.7792644500732,-5.32860279083252,100
08-06-2015-12:03:48:733,-1.82699024677277,23.7837200164795,-5.34357166290283,100
08-06-2015-12:03:48:865,-1.79749190807343,23.8457736968994,-5.34189176559448,100
08-06-2015-12:03:48:993,-1.80471694469452,23.8600063323975,-5.3473219871521,100
08-06-2015-12:03:49:125,-1.8039733171463,23.8695678710938,-5.3339672088623,100
08-06-2015-12:03:49:253,-1.80970859527588,23.8688373565674,-5.33739185333252,100
08-06-2015-12:03:49:385,-1.80743885040283,23.8937587738037,-5.33907794952393,100
08-06-2015-12:03:49:517,-1.79796695709229,23.8964729309082,-5.32962369918823,100
08-06-2015-12:03:49:646,-1.80872368812561,23.8693904876709,-5.33342504501343,100
08-06-2015-12:03:49:817,-1.80378687381744,23.8300952911377,-5.32958602905273,100
08-06-2015-12:03:49:949,-1.83367621898651,23.9234390258789,-5.31488752365112,100
08-06-2015-12:03:50:077,-1.82948219776154,23.9161128997803,-5.31135034561157,100
08-06-2015-12:03:50:208,-1.84195232391357,23.8570499420166,-5.32177782058716,100
08-06-2015-12:03:50:337,-1.83271956443787,23.8925075531006,-5.32233333587646,100
08-06-2015-12:03:50:469,-1.82190442085266,23.8854999542236,-5.34069919586182,100
08-06-2015-12:03:50:597,-1.81384038925171,23.909875869751,-5.35040140151978,100
08-06-2015-12:03:50:729,-1.8454921245575,23.8389930725098,-5.39384698867798,100
08-06-2015-12:03:50:857,-1.84253025054932,23.8524951934814,-5.40738677978516,100
08-06-2015-12:03:50:989,-1.84353816509247,23.8445606231689,-5.39133262634277,100
08-06-2015-12:03:51:121,-1.83849537372589,23.8218326568604,-5.39036321640015,100
08-06-2015-12:03:51:249,-1.74557876586914,24.2040672302246,-5.1061224937439,100
08-06-2015-12:03:51:381,-1.75367665290833,24.2176647186279,-5.10644865036011,100
08-06-2015-12:03:51:509,-1.78023076057434,24.2260913848877,-5.19058609008789,100
08-06-2015-12:03:51:641,-1.78594839572906,24.3028736114502,-5.42278432846069,100
08-06-2015-12:03:51:769,-1.78988921642303,24.3151912689209,-5.42394065856934,100
08-06-2015-12:03:51:901,-1.80120086669922,24.2890129089355,-5.41571807861328,100
08-06-2015-12:03:52:069,-1.80361819267273,24.2781600952148,-5.4127311706543,100
08-06-2015-12:03:52:201,-1.79868197441101,24.3042888641357,-5.36973237991333,100
08-06-2015-12:03:52:329,-1.80984783172607,24.3160533905029,-5.37216091156006,100
08-06-2015-12:03:52:461,-1.8155996799469,24.299711227417,-5.36885690689087,100
08-06-2015-12:03:52:589,-1.82372307777405,24.3259296417236,-5.30974578857422,100
08-06-2015-12:03:52:721,-1.85051906108856,24.2258682250977,-5.22129011154175,100
08-06-2015-12:03:52:853,-1.88187086582184,24.3012924194336,-5.31812858581543,100
08-06-2015-12:03:52:981,-1.93491888046265,24.1290416717529,-5.42460823059082,100
08-06-2015-12:03:53:113,-1.94106447696686,24.104097366333,-5.42314863204956,100
08-06-2015-12:03:53:241,-1.90303456783295,24.1965560913086,-5.38399124145508,100
08-06-2015-12:03:53:373,-1.91843175888062,24.2212772369385,-5.37112283706665,100
08-06-2015-12:03:53:501,-1.90140700340271,24.2151546478271,-5.35238790512085,100
08-06-2015-12:03:53:633,-1.9300799369812,24.128381729126,-5.34006500244141,100
08-06-2015-12:03:53:801,-1.98526561260223,24.0115089416504,-5.38183450698853,100
08-06-2015-12:03:53:933,-1.9786229133606,24.0272083282471,-5.34701442718506,100
08-06-2015-12:03:54:060,-2.0519073009491,23.899507522583,-5.46963596343994,100
08-06-2015-12:03:54:193,-2.05297136306763,23.9078254699707,-5.46692657470703,100
08-06-2015-12:03:54:324,-2.04972815513611,23.8966693878174,-5.44124317169189,100
08-06-2015-12:03:54:453,-2.04701161384583,23.8980751037598,-5.44287586212158,100
08-06-2015-12:03:54:584,-2.05365204811096,23.9473819732666,-5.43638038635254,100
08-06-2015-12:03:54:713,-2.0534725189209,23.9608631134033,-5.42971849441528,100
08-06-2015-12:03:54:844,-2.05370998382568,23.9610710144043,-5.44008445739746,100
08-06-2015-12:03:54:973,-2.10529780387878,23.8165683746338,-5.44621515274048,100
08-06-2015-12:03:55:105,-2.08796453475952,23.8796005249023,-5.35448455810547,100
08-06-2015-12:03:55:233,-2.09674310684204,23.8799133300781,-5.34316492080688,100
08-06-2015-12:03:55:365,-2.13526511192322,24.0154209136963,-5.36848831176758,100
08-06-2015-12:03:55:492,-2.12122464179993,24.0018272399902,-5.38424253463745,100
08-06-2015-12:03:55:625,-2.15544104576111,24.0056591033936,-5.24871397018433,100
08-06-2015-12:03:55:753,-2.16711044311523,23.7889919281006,-5.21819591522217,100
08-06-2015-12:03:55:885,-2.16784119606018,23.7887210845947,-5.22536468505859,100
08-06-2015-12:03:56:017,-2.19082379341125,23.8365898132324,-5.23195505142212,100
08-06-2015-12:03:56:145,-2.20719194412231,23.8192977905273,-5.21177768707275,100
08-06-2015-12:03:56:277,-2.23481822013855,23.8815650939941,-5.20623350143433,100
08-06-2015-12:03:56:405,-2.24658393859863,23.8861179351807,-5.19901847839355,100
08-06-2015-12:03:56:537,-2.24821424484253,23.8890113830566,-5.14860010147095,100
08-06-2015-12:03:56:669,-2.23729801177979,23.8739757537842,-5.14799070358276,100
08-06-2015-12:03:56:797,-2.24724340438843,23.8423557281494,-5.14642429351807,100
08-06-2015-12:03:56:929,-2.2519953250885,23.8218841552734,-5.15827941894531,100
08-06-2015-12:03:57:057,-2.28195524215698,23.7190914154053,-5.14688396453857,100
08-06-2015-12:03:57:189,-2.28304934501648,23.7205429077148,-5.15014123916626,100
08-06-2015-12:03:57:317,-2.34789133071899,23.5213222503662,-5.21836519241333,100
08-06-2015-12:03:57:449,-2.33648109436035,23.55615234375,-5.19407844543457,100
08-06-2015-12:03:57:581,-2.30310368537903,23.5077857971191,-5.35131072998047,100
08-06-2015-12:03:57:749,-2.32230401039124,23.5029964447021,-5.35924243927002,100
08-06-2015-12:03:57:881,-2.21884560585022,23.656229019165,-5.03095102310181,100
08-06-2015-12:03:58:093,-2.2236647605896,23.5264682769775,-4.65034627914429,100
08-06-2015-12:03:58:265,-2.17519855499268,23.2500495910645,-4.2642822265625,100
08-06-2015-12:03:58:432,-2.21638035774231,23.0691947937012,-4.39936685562134,100
08-06-2015-12:03:58:604,-2.18682885169983,23.0526294708252,-4.41928958892822,100
08-06-2015-12:03:58:737,-2.23597526550293,23.0822849273682,-4.36522340774536,100
08-06-2015-12:03:58:865,-2.2110607624054,23.0674304962158,-4.37259101867676,100
08-06-2015-12:03:58:997,-2.24582648277283,23.065092086792,-4.26568460464478,100
08-06-2015-12:03:59:124,-2.12938714027405,23.2592182159424,-3.85056209564209,100
08-06-2015-12:03:59:297,-1.92861902713776,23.2191772460938,-3.56893610954285,100
08-06-2015-12:03:59:429,-1.92154967784882,23.1774120330811,-3.56731009483337,100
08-06-2015-12:03:59:597,-2.03470158576965,23.3327884674072,-3.69695258140564,100
08-06-2015-12:03:59:768,-2.06175804138184,23.3463706970215,-3.78887987136841,100
08-06-2015-12:03:59:940,-2.40086579322815,22.9389152526855,-4.49860715866089,100
08-06-2015-12:04:00:109,-2.39380192756653,22.9440402984619,-4.49419927597046,100
08-06-2015-12:04:00:281,-2.01792049407959,23.4527416229248,-3.9269814491272,100
08-06-2015-12:04:00:495,-2.07349157333374,23.2980861663818,-3.98201727867126,100
08-06-2015-12:04:00:621,-2.11382102966309,23.3448619842529,-3.8825888633728,100
08-06-2015-12:04:00:793,-2.08902478218079,23.3645610809326,-3.82579946517944,100
08-06-2015-12:04:00:925,-2.21831917762756,23.283052444458,-3.96652340888977,100
08-06-2015-12:04:01:053,-2.20011568069458,23.2828025817871,-3.92700862884521,100
08-06-2015-12:04:01:185,-2.26473093032837,23.2493228912354,-4.01768827438354,100
08-06-2015-12:04:01:437,-2.26305198669434,23.2369289398193,-4.02919864654541,100
08-06-2015-12:04:01:565,-2.29893231391907,23.0894680023193,-4.18274021148682,100
08-06-2015-12:04:01:697,-2.38537573814392,22.9675159454346,-4.29423332214355,100
08-06-2015-12:04:01:829,-2.40436029434204,23.1039161682129,-4.08922958374023,100
08-06-2015-12:04:02:037,-2.41120266914368,23.0469245910645,-4.1537389755249,100
08-06-2015-12:04:02:249,-2.11820721626282,23.4216156005859,-3.64077115058899,100
08-06-2015-12:04:02:461,-1.97328054904938,23.4393310546875,-3.2596971988678,100
08-06-2015-12:04:02:673,-1.9691413640976,23.4878597259521,-3.20005679130554,100
08-06-2015-12:04:02:841,-2.01257395744324,23.4642200469971,-3.27030992507935,100
08-06-2015-12:04:03:012,-2.36128449440002,23.0565624237061,-3.99056887626648,100
08-06-2015-12:04:03:185,-2.35136485099792,23.0296726226807,-4.0745267868042,100
08-06-2015-12:04:03:357,-2.35738253593445,22.9982261657715,-4.22452163696289,100
08-06-2015-12:04:03:565,-2.37133979797363,22.9858226776123,-4.25986480712891,100
08-06-2015-12:04:03:697,-2.35936975479126,23.0194110870361,-4.28239011764526,100
08-06-2015-12:04:03:825,-2.35208535194397,23.0302982330322,-4.26747226715088,100
08-06-2015-12:04:03:957,-2.71516394615173,22.6226139068604,-5.20262622833252,100
08-06-2015-12:04:04:085,-2.14743876457214,23.3310527801514,-4.15779066085815,100
08-06-2015-12:04:04:217,-2.14768934249878,23.3707256317139,-4.11435508728027,100
08-06-2015-12:04:04:349,-2.16190004348755,23.3337688446045,-3.99950361251831,100
08-06-2015-12:04:04:476,-2.17780303955078,23.4767436981201,-4.02753162384033,100
08-06-2015-12:04:04:609,-2.18973112106323,23.4786930084229,-4.04413080215454,100
08-06-2015-12:04:04:737,-2.3331344127655,23.2636451721191,-4.23621559143066,100
08-06-2015-12:04:04:869,-2.52412247657776,22.9996948242188,-4.7678165435791,100
08-06-2015-12:04:04:997,-1.93119668960571,22.7306041717529,-10.8574953079224,0
08-06-2015-12:04:05:129,-1.08088874816895,24.4952640533447,-7.83622169494629,100
08-06-2015-12:04:05:257,-0.615799307823181,24.4860057830811,-7.5674729347229,100
08-06-2015-12:04:05:389,-1.19524228572845,24.1494388580322,-8.09807777404785,100
08-06-2015-12:04:05:517,-1.17203533649445,24.0866260528564,-8.028000831604,100
08-06-2015-12:04:05:649,-1.10919570922852,24.036678314209,-7.96364593505859,100
08-06-2015-12:04:05:780,-1.0349497795105,23.644552230835,-7.8454532623291,100
08-06-2015-12:04:05:908,-1.06369423866272,23.5886135101318,-7.84321880340576,100
08-06-2015-12:04:06:041,-1.06394636631012,23.5981540679932,-7.83552503585815,100
08-06-2015-12:04:06:168,-1.08401560783386,23.5366592407227,-7.85741758346558,100
08-06-2015-12:04:06:301,-1.10978925228119,23.5524349212646,-7.85088157653809,100
08-06-2015-12:04:06:433,-1.10007035732269,23.569149017334,-7.82894039154053,100
08-06-2015-12:04:06:561,-1.15439772605896,23.4162254333496,-7.8761100769043,100
08-06-2015-12:04:06:689,-1.18041634559631,23.4169692993164,-7.88336944580078,100
08-06-2015-12:04:06:981,-1.18159937858582,23.3711013793945,-7.89376258850098,100
08-06-2015-12:04:07:153,-1.20188963413239,23.3220462799072,-7.91439199447632,100
08-06-2015-12:04:07:284,-1.19150948524475,23.23801612854,-7.90800619125366,100
08-06-2015-12:04:07:413,-1.21615326404572,23.2536373138428,-7.90704774856567,100
08-06-2015-12:04:07:545,-1.2829715013504,23.2629070281982,-7.9091625213623,100
08-06-2015-12:04:07:673,-1.28762912750244,23.2410049438477,-7.90654802322388,100
08-06-2015-12:04:07:805,-1.29092109203339,23.2526741027832,-7.89388179779053,100
08-06-2015-12:04:07:933,-1.30549585819244,23.2605133056641,-7.92105722427368,100
08-06-2015-12:04:08:104,-1.305459856987,23.2608814239502,-7.91690063476563,100
08-06-2015-12:04:08:233,-1.30899441242218,23.2603816986084,-7.9175009727478,100
08-06-2015-12:04:08:364,-1.31636583805084,23.0764045715332,-7.93357944488525,100
08-06-2015-12:04:08:497,-1.29322242736816,23.137508392334,-7.90873622894287,100
08-06-2015-12:04:08:625,-1.29673171043396,23.1425895690918,-7.9057559967041,100
08-06-2015-12:04:08:757,-1.31108677387238,23.1133441925049,-7.91655111312866,100
08-06-2015-12:04:08:885,-1.29977965354919,23.0979976654053,-7.91266632080078,100
08-06-2015-12:04:09:016,-1.29869496822357,23.1044387817383,-7.89895343780518,100
08-06-2015-12:04:09:145,-1.33231222629547,23.1172351837158,-7.8903431892395,100
08-06-2015-12:04:09:277,-1.36345088481903,23.0347328186035,-7.84525775909424,100
08-06-2015-12:04:09:408,-1.35750293731689,23.0141944885254,-7.81949615478516,100
08-06-2015-12:04:09:536,-1.40484189987183,23.0683517456055,-7.71779823303223,100
08-06-2015-12:04:09:668,-1.40601766109467,23.0720558166504,-7.7214093208313,100
08-06-2015-12:04:09:797,-1.41557061672211,23.0595684051514,-7.78326892852783,100
08-06-2015-12:04:09:929,-1.41497480869293,23.0645503997803,-7.77945232391357,100
08-06-2015-12:04:10:057,-1.387167096138,22.9921627044678,-7.73784875869751,100
08-06-2015-12:04:10:308,-1.29900026321411,23.0482959747314,-7.77547740936279,100
08-06-2015-12:04:10:561,-1.29491543769836,23.0745429992676,-7.71934509277344,100
08-06-2015-12:04:10:692,-1.28824043273926,23.0723628997803,-7.72119808197021,100
08-06-2015-12:04:10:821,-1.28628075122833,23.0886764526367,-7.72755908966064,100
08-06-2015-12:04:10:952,-1.2852076292038,23.0887641906738,-7.72526741027832,100
08-06-2015-12:04:11:085,-1.2838591337204,23.0886344909668,-7.72421550750732,100
08-06-2015-12:04:11:253,-1.31431722640991,23.1317329406738,-7.7910213470459,100
08-06-2015-12:04:11:385,-1.32035493850708,23.1448612213135,-7.79728889465332,100
08-06-2015-12:04:11:512,-1.3358006477356,23.1404209136963,-7.81389617919922,100
08-06-2015-12:04:11:645,-1.32808256149292,23.1699085235596,-7.84138822555542,100
08-06-2015-12:04:11:777,-1.33709895610809,23.1588764190674,-7.84082269668579,100
08-06-2015-12:04:11:905,-1.25236785411835,23.3876399993896,-7.79834938049316,100
08-06-2015-12:04:12:037,-1.28707480430603,23.4659595489502,-8.21566104888916,100
08-06-2015-12:04:12:164,-1.3623663187027,23.4393043518066,-8.47612476348877,100
08-06-2015-12:04:12:297,-1.28045690059662,23.3740978240967,-8.56959533691406,100
08-06-2015-12:04:12:424,-1.30435729026794,23.4353122711182,-8.60022735595703,100
08-06-2015-12:04:12:556,-1.33955419063568,23.4000625610352,-8.74549388885498,100
08-06-2015-12:04:12:684,-1.32701098918915,23.3671054840088,-8.83886623382568,100
08-06-2015-12:04:12:817,-1.31551885604858,23.3343830108643,-8.85516166687012,100
08-06-2015-12:04:12:949,-1.48667073249817,23.4683399200439,-9.42554378509521,0
08-06-2015-12:04:13:077,-1.48139500617981,23.8085823059082,-9.26015377044678,0
08-06-2015-12:04:13:208,-1.49034309387207,23.8512096405029,-9.27356147766113,100
08-06-2015-12:04:13:337,-1.4665812253952,23.8535041809082,-9.28917026519775,100
08-06-2015-12:04:13:469,-1.41328239440918,23.9682006835938,-9.30110931396484,100
08-06-2015-12:04:13:597,-1.45969140529633,23.9889392852783,-9.38980293273926,100
08-06-2015-12:04:13:729,-1.46955907344818,23.9758243560791,-9.49955654144287,100
08-06-2015-12:04:13:861,-1.41966998577118,23.8531475067139,-9.51019287109375,100
08-06-2015-12:04:13:989,-1.42909157276154,23.6694793701172,-9.19647789001465,100
08-06-2015-12:04:14:121,-1.69735670089722,23.7718238830566,-9.51447582244873,100
08-06-2015-12:04:14:249,-1.35188901424408,23.2628746032715,-9.56010627746582,100
08-06-2015-12:04:14:381,-1.33182406425476,23.422924041748,-9.46712303161621,100
08-06-2015-12:04:14:508,-1.25801515579224,23.4038352966309,-9.39978313446045,100
08-06-2015-12:04:14:641,-1.32479631900787,23.5087566375732,-9.5779504776001,100
08-06-2015-12:04:14:773,-1.4652281999588,23.5302410125732,-9.71626377105713,100
08-06-2015-12:04:14:901,-1.46505749225616,23.5255794525146,-9.68753051757813,100
08-06-2015-12:04:15:073,-1.49808585643768,23.5835590362549,-9.68642997741699,100
08-06-2015-12:04:15:245,-1.52851295471191,23.2092876434326,-9.68691158294678,100
08-06-2015-12:04:15:373,-1.49580216407776,23.271411895752,-9.67259120941162,0
08-06-2015-12:04:15:505,-1.53303182125092,23.2606449127197,-9.89540863037109,0
08-06-2015-12:04:15:633,-1.53615045547485,23.2604331970215,-9.89435005187988,0
08-06-2015-12:04:15:765,-1.56370365619659,23.339599609375,-9.8116397857666,0
08-06-2015-12:04:15:893,-1.56232929229736,23.3301391601563,-9.82180118560791,0
08-06-2015-12:04:16:025,-1.54641973972321,23.3154544830322,-9.8149528503418,0
08-06-2015-12:04:16:156,-1.45257997512817,23.2431640625,-9.73563003540039,0
08-06-2015-12:04:16:284,-1.24424588680267,23.4809303283691,-9.64971446990967,0
08-06-2015-12:04:16:417,-1.24436843395233,23.4949474334717,-9.641037940979,0
08-06-2015-12:04:16:545,-1.25599896907806,23.5087451934814,-9.70064258575439,0
08-06-2015-12:04:16:677,-1.27732014656067,23.730785369873,-9.60826206207275,0
08-06-2015-12:04:16:805,-1.25566923618317,23.7033500671387,-9.58536815643311,0
08-06-2015-12:04:16:937,-1.53113579750061,23.8280391693115,-10.3084077835083,0
08-06-2015-12:04:17:064,-1.53441488742828,23.831184387207,-10.301965713501,0
08-06-2015-12:04:17:197,-1.62565839290619,24.1304950714111,-10.0569372177124,0
08-06-2015-12:04:17:325,-1.62363576889038,24.1349506378174,-10.0579023361206,0
08-06-2015-12:04:17:456,-1.30227470397949,23.7665119171143,-9.75631046295166,0
08-06-2015-12:04:17:588,-1.29947090148926,23.7608833312988,-9.74709415435791,0
08-06-2015-12:04:17:717,-1.28974080085754,23.7140350341797,-9.74019813537598,0
08-06-2015-12:04:17:849,-1.28295755386353,23.7203102111816,-9.72950172424316,0
08-06-2015-12:04:17:977,-1.27700340747833,23.7228755950928,-9.7205982208252,0
08-06-2015-12:04:18:109,-1.0544091463089,23.6235046386719,-8.83956241607666,0
08-06-2015-12:04:18:237,-1.05873048305511,23.6231708526611,-8.8397855758667,0
08-06-2015-12:04:18:369,-1.03644287586212,23.8725967407227,-8.88427829742432,0
08-06-2015-12:04:18:501,-1.04008209705353,23.8716659545898,-8.87845897674561,0
08-06-2015-12:04:18:629,-1.07274436950684,23.6061782836914,-9.16707420349121,0
08-06-2015-12:04:18:761,-1.15120959281921,23.6603469848633,-8.95264434814453,100
08-06-2015-12:04:18:889,-1.21223556995392,23.539249420166,-8.65181827545166,100
08-06-2015-12:04:19:021,-1.34521853923798,22.2098751068115,-7.57417106628418,0
08-06-2015-12:04:19:189,-0.891892194747925,19.9552669525146,-6.24474287033081,100
08-06-2015-12:04:19:321,-1.23439466953278,19.1900291442871,-6.07755327224731,100
08-06-2015-12:04:19:453,-1.37963175773621,19.1004028320313,-6.16571187973022,100
08-06-2015-12:04:19:580,-1.50901341438293,19.1862125396729,-6.27664995193481,100
08-06-2015-12:04:19:713,-1.48364472389221,18.9616546630859,-6.30200815200806,100
08-06-2015-12:04:19:841,-1.51694369316101,18.741943359375,-6.30044078826904,100
08-06-2015-12:04:19:973,-1.48798704147339,18.8127727508545,-6.22503519058228,100
08-06-2015-12:04:20:105,-1.51263844966888,18.9888038635254,-6.23137807846069,100
08-06-2015-12:04:20:232,-1.52040159702301,18.9780921936035,-6.1772084236145,100
08-06-2015-12:04:20:365,-1.50284540653229,18.9423809051514,-6.1632719039917,100
08-06-2015-12:04:20:493,-1.49467706680298,18.8985385894775,-6.11597776412964,100
08-06-2015-12:04:20:625,-1.49513614177704,18.8385162353516,-6.10492372512817,100
08-06-2015-12:04:20:752,-1.49696135520935,18.8338584899902,-6.1086220741272,100
08-06-2015-12:04:20:884,-1.49791133403778,18.8360233306885,-6.10754013061523,100
08-06-2015-12:04:21:013,-1.46399462223053,18.8634300231934,-6.07895565032959,100
08-06-2015-12:04:21:145,-1.45500564575195,18.8424282073975,-6.06252765655518,100
08-06-2015-12:04:21:277,-1.44398486614227,18.8727359771729,-6.05726766586304,100
08-06-2015-12:04:21:405,-1.51630282402039,18.7158451080322,-6.14011192321777,100
08-06-2015-12:04:21:536,-1.51214778423309,18.6719436645508,-6.11303186416626,100
08-06-2015-12:04:21:669,-1.55740737915039,18.9439125061035,-6.15309858322144,100
08-06-2015-12:04:21:837,-1.53729665279388,19.0087795257568,-6.11833953857422,100
08-06-2015-12:04:21:969,-1.5911500453949,18.8494510650635,-6.10629224777222,100
08-06-2015-12:04:22:097,-1.60513246059418,18.7745914459229,-6.09281444549561,100
08-06-2015-12:04:22:229,-1.63096404075623,18.7760620117188,-6.09598159790039,100
08-06-2015-12:04:22:356,-1.62694764137268,19.2021865844727,-5.91510438919067,100
08-06-2015-12:04:22:489,-1.53244113922119,18.7475414276123,-5.8978853225708,100
08-06-2015-12:04:22:617,-1.60619521141052,19.0029392242432,-5.79064178466797,100
08-06-2015-12:04:22:749,-1.58684945106506,19.0600414276123,-5.75996208190918,100
08-06-2015-12:04:22:877,-1.5912526845932,19.023946762085,-5.76871204376221,100
08-06-2015-12:04:23:008,-1.59753692150116,19.0176792144775,-5.77354383468628,100
08-06-2015-12:04:23:180,-1.60666358470917,19.0524787902832,-5.77691459655762,100
08-06-2015-12:04:23:308,-1.6129549741745,19.157772064209,-5.78498458862305,100
08-06-2015-12:04:23:441,-1.59980392456055,19.1159763336182,-5.82322025299072,100
08-06-2015-12:04:23:569,-1.62494432926178,19.0940456390381,-5.83581781387329,100
08-06-2015-12:04:23:701,-1.61612617969513,19.0711288452148,-5.83249998092651,100
08-06-2015-12:04:23:833,-1.58399045467377,18.9513759613037,-5.90947437286377,100
08-06-2015-12:04:23:961,-1.59215331077576,18.9750537872314,-5.90351486206055,100
08-06-2015-12:04:24:093,-1.59994912147522,18.9574031829834,-5.91774940490723,100
08-06-2015-12:04:24:221,-1.62647926807404,19.0293750762939,-5.88471841812134,100
08-06-2015-12:04:24:353,-1.67779636383057,18.9712371826172,-5.94289016723633,100
08-06-2015-12:04:24:481,-1.68328285217285,19.0083332061768,-5.95587921142578,100
08-06-2015-12:04:24:613,-1.65704596042633,18.7670860290527,-6.0040922164917,100
08-06-2015-12:04:24:741,-1.73266410827637,18.6119956970215,-5.954505443573,100
08-06-2015-12:04:24:873,-1.73078870773315,18.7242374420166,-5.93375158309937,100
08-06-2015-12:04:25:005,-1.69011902809143,18.8038101196289,-5.90242719650269,100
08-06-2015-12:04:25:132,-1.7289434671402,18.7924900054932,-5.93966960906982,100
08-06-2015-12:04:25:264,-1.75966322422028,18.8015041351318,-6.0430588722229,100
08-06-2015-12:04:25:436,-1.74177312850952,18.8195629119873,-6.04535055160522,100
08-06-2015-12:04:25:645,-1.8219530582428,18.8662071228027,-6.08442354202271,100
08-06-2015-12:04:25:777,-1.6402895450592,18.9971752166748,-5.96898317337036,100
08-06-2015-12:04:25:905,-1.6125020980835,18.9895000457764,-5.96011638641357,100
08-06-2015-12:04:26:037,-1.62949097156525,19.0118732452393,-5.95465326309204,100
08-06-2015-12:04:26:165,-1.61950778961182,18.7688179016113,-6.10669183731079,100
08-06-2015-12:04:26:297,-1.63520753383636,18.7400608062744,-6.12148427963257,100
08-06-2015-12:04:26:428,-1.62888503074646,18.6922969818115,-6.11903762817383,100
08-06-2015-12:04:26:556,-1.64181089401245,18.3635730743408,-6.14015960693359,100
08-06-2015-12:04:26:688,-1.64965486526489,18.3759136199951,-6.13786315917969,100
08-06-2015-12:04:26:820,-1.69738399982452,18.5112857818604,-6.15337896347046,100
08-06-2015-12:04:26:949,-1.65990507602692,18.4114322662354,-6.11551475524902,100
08-06-2015-12:04:27:081,-1.66182816028595,18.4070491790771,-6.12702560424805,100
08-06-2015-12:04:27:249,-1.67783319950104,18.322114944458,-6.11850643157959,100
08-06-2015-12:04:27:380,-1.59447956085205,18.739538192749,-6.07909536361694,100
08-06-2015-12:04:27:508,-1.60773205757141,18.6276721954346,-6.11203765869141,100
08-06-2015-12:04:27:641,-1.69924259185791,19.289758682251,-6.22882270812988,100
08-06-2015-12:04:27:769,-1.68705344200134,19.404806137085,-6.24890089035034,100
08-06-2015-12:04:27:901,-1.79912006855011,26.4186229705811,-6.15341663360596,100
08-06-2015-12:04:28:029,-1.73842406272888,26.7351493835449,-6.1198844909668,100
08-06-2015-12:04:28:161,-1.74066996574402,26.986873626709,-5.9119553565979,100
08-06-2015-12:04:28:332,-1.54950797557831,27.0084476470947,-5.74732255935669,100
08-06-2015-12:04:28:461,-1.51252782344818,27.0747108459473,-5.67013502120972,100
08-06-2015-12:04:28:589,-1.53298199176788,27.181209564209,-5.6239013671875,100
08-06-2015-12:04:28:721,-1.58083462715149,27.2857055664063,-5.63178586959839,100
08-06-2015-12:04:28:849,-1.59101676940918,27.2358207702637,-5.64140319824219,100
08-06-2015-12:04:29:141,-1.58828997612,27.3044815063477,-5.60734415054321,100
08-06-2015-12:04:29:273,-1.5867668390274,27.3069324493408,-5.61981010437012,100
08-06-2015-12:04:29:406,-1.48853492736816,26.9420776367188,-5.54005479812622,100
08-06-2015-12:04:29:533,-1.49157965183258,26.9876461029053,-5.54972314834595,100
08-06-2015-12:04:29:660,-1.50417494773865,27.027400970459,-5.54258632659912,100
08-06-2015-12:04:29:792,-1.58246552944183,27.0653839111328,-5.58148622512817,100
08-06-2015-12:04:29:921,-1.57995045185089,27.1070938110352,-5.56980657577515,100
08-06-2015-12:04:30:052,-1.60376238822937,27.1629009246826,-5.54868936538696,100
08-06-2015-12:04:30:181,-1.61134803295136,27.2327308654785,-5.54299736022949,100
08-06-2015-12:04:30:313,-1.58899629116058,27.3847465515137,-5.45735645294189,100
08-06-2015-12:04:30:440,-1.54944229125977,27.4199981689453,-5.4252815246582,100
08-06-2015-12:04:30:573,-1.55102300643921,27.4177951812744,-5.42631149291992,100
08-06-2015-12:04:30:701,-1.550368309021,27.4057712554932,-5.41235780715942,100
08-06-2015-12:04:30:873,-1.51534342765808,27.3478717803955,-5.37585735321045,100
08-06-2015-12:04:31:005,-1.51362311840057,27.3468990325928,-5.37708473205566,100
08-06-2015-12:04:31:133,-1.52661180496216,27.3624973297119,-5.39501619338989,100
08-06-2015-12:04:31:265,-1.52470743656158,27.3610134124756,-5.39399242401123,100
08-06-2015-12:04:31:437,-1.55787146091461,27.3990116119385,-5.35834980010986,100
08-06-2015-12:04:31:565,-1.5572235584259,27.4001483917236,-5.35814094543457,100
08-06-2015-12:04:31:697,-1.55284011363983,27.389368057251,-5.36667490005493,100
08-06-2015-12:04:31:869,-1.52960956096649,27.4390888214111,-5.34724283218384,100
08-06-2015-12:04:31:997,-1.51938188076019,27.4350490570068,-5.32672882080078,100
08-06-2015-12:04:32:129,-1.49883878231049,27.4581203460693,-5.32785940170288,100
08-06-2015-12:04:32:257,-1.52825331687927,27.4390316009521,-5.33983707427979,100
08-06-2015-12:04:32:389,-1.53801476955414,27.4164924621582,-5.37174797058105,100
08-06-2015-12:04:32:520,-1.59948217868805,27.3993759155273,-5.45935869216919,100
08-06-2015-12:04:32:649,-1.60884428024292,27.4128398895264,-5.44332551956177,100
08-06-2015-12:04:32:781,-1.58600509166718,27.3909931182861,-5.39931488037109,100
08-06-2015-12:04:32:909,-1.56961715221405,27.4044094085693,-5.42115116119385,100
08-06-2015-12:04:33:040,-1.57509422302246,27.4041900634766,-5.42529678344727,100
08-06-2015-12:04:33:169,-1.56899738311768,27.3877391815186,-5.41832876205444,100
08-06-2015-12:04:33:301,-1.54931020736694,27.3926868438721,-5.41254425048828,100
08-06-2015-12:04:33:432,-1.55582213401794,27.3687877655029,-5.39676952362061,100
08-06-2015-12:04:33:561,-1.47940790653229,27.3511524200439,-5.34182548522949,100
08-06-2015-12:04:33:693,-1.48600161075592,27.336353302002,-5.34146642684937,100
08-06-2015-12:04:33:821,-1.41032958030701,27.1428966522217,-5.28734493255615,100
08-06-2015-12:04:33:953,-1.42327928543091,27.1240367889404,-5.30275774002075,100
08-06-2015-12:04:34:085,-1.42309594154358,27.1240119934082,-5.30521011352539,100
08-06-2015-12:04:34:213,-1.41453683376312,27.1078758239746,-5.30441570281982,100
08-06-2015-12:04:34:345,-1.40957748889923,27.1093254089355,-5.29896974563599,100
08-06-2015-12:04:34:473,-1.40825414657593,27.1080474853516,-5.2911901473999,100
08-06-2015-12:04:34:605,-1.41098260879517,27.1065807342529,-5.29338645935059,100
08-06-2015-12:04:34:737,-1.40772366523743,27.1248931884766,-5.29846715927124,100
08-06-2015-12:04:34:865,-1.41153812408447,27.184118270874,-5.30351877212524,100
08-06-2015-12:04:34:996,-1.41053819656372,27.184268951416,-5.30374526977539,100
08-06-2015-12:04:35:125,-1.40901792049408,27.1931324005127,-5.29290866851807,100
08-06-2015-12:04:35:257,-1.41593253612518,27.1862869262695,-5.29939317703247,100
08-06-2015-12:04:35:429,-1.40800082683563,27.1807746887207,-5.28328514099121,100
08-06-2015-12:04:35:557,-1.39110803604126,27.1871871948242,-5.27325248718262,100
08-06-2015-12:04:35:689,-1.40557193756104,27.1846389770508,-5.28087997436523,100
08-06-2015-12:04:35:817,-1.37229418754578,27.1767959594727,-5.26123571395874,100
08-06-2015-12:04:35:949,-1.3687379360199,27.1729164123535,-5.26355457305908,100
08-06-2015-12:04:36:121,-1.38074207305908,27.1668834686279,-5.26856088638306,100
08-06-2015-12:04:36:289,-1.36387240886688,27.1316585540771,-5.27834844589233,100
08-06-2015-12:04:36:421,-1.30761563777924,27.0428409576416,-5.21676969528198,100
08-06-2015-12:04:36:549,-1.30399298667908,27.0295009613037,-5.20582723617554,100
08-06-2015-12:04:36:681,-1.23540830612183,26.9040107727051,-5.17728424072266,100
08-06-2015-12:04:36:809,-1.26711118221283,26.8881931304932,-5.19715261459351,100
08-06-2015-12:04:37:629,-4.71279859542847,27.3610286712646,-8.08614349365234,0
08-06-2015-12:04:38:489,-5.37332391738892,26.8629131317139,-10.1094436645508,0
08-06-2015-12:04:39:305,-5.59273958206177,26.1873207092285,-10.746506690979,0
08-06-2015-12:04:40:125,-5.59103345870972,25.8876209259033,-10.5446882247925,0
08-06-2015-12:04:40:940,-5.56945371627808,25.8578395843506,-10.5292806625366,0
08-06-2015-12:04:41:072,-5.54253339767456,25.8374214172363,-10.4619083404541,0
08-06-2015-12:04:41:201,-5.53801774978638,25.8508052825928,-10.3689060211182,0
08-06-2015-12:04:41:333,-5.53235626220703,25.839412689209,-10.3557014465332,0
08-06-2015-12:04:41:461,-5.51691484451294,25.8412189483643,-10.3387451171875,0
08-06-2015-12:04:41:593,-5.49684953689575,25.8515472412109,-10.2751169204712,0
08-06-2015-12:04:41:721,-5.50783586502075,25.8083610534668,-10.1412839889526,0
08-06-2015-12:04:41:853,-5.50853157043457,25.8076400756836,-10.139139175415,0
08-06-2015-12:04:41:981,-5.50228643417358,25.795503616333,-10.1354684829712,0
08-06-2015-12:04:42:113,-5.49256324768066,25.8092002868652,-10.1275749206543,0
08-06-2015-12:04:42:241,-5.46111679077148,25.8493537902832,-10.0375480651855,0
08-06-2015-12:04:42:373,-5.45654773712158,25.8652648925781,-10.0105400085449,0
08-06-2015-12:04:42:501,-5.44043874740601,25.8801345825195,-9.97524356842041,0
08-06-2015-12:04:42:633,-5.43732595443726,25.8817729949951,-9.97208118438721,0
08-06-2015-12:04:42:765,-5.3641037940979,25.9735488891602,-9.91608142852783,0
08-06-2015-12:04:42:933,-5.33368444442749,26.0392322540283,-9.85476684570313,0
08-06-2015-12:04:43:065,-5.29811763763428,26.0453720092773,-9.8453893661499,0
08-06-2015-12:04:43:193,-5.33046436309814,26.0465335845947,-9.85416030883789,0
08-06-2015-12:04:43:325,-5.31371593475342,26.0573348999023,-9.89366436004639,0
08-06-2015-12:04:43:453,-5.32412242889404,26.0383605957031,-9.90623950958252,0
08-06-2015-12:04:43:585,-5.33210182189941,26.0387229919434,-9.89719200134277,0
08-06-2015-12:04:43:756,-5.33642101287842,26.0813293457031,-9.88820743560791,0
08-06-2015-12:04:43:885,-5.3397216796875,26.0780735015869,-9.89875984191895,0
08-06-2015-12:04:44:056,-5.29170846939087,26.001579284668,-9.85475444793701,0
08-06-2015-12:04:44:185,-5.23826169967651,26.0022640228271,-9.82058238983154,0
08-06-2015-12:04:44:317,-5.22995471954346,25.9916229248047,-9.81861305236816,0
08-06-2015-12:04:44:445,-5.22158670425415,25.9892616271973,-9.81189346313477,0
08-06-2015-12:04:44:577,-5.21260261535645,25.9546852111816,-9.79496002197266,0
08-06-2015-12:04:44:709,-5.23142862319946,25.9490337371826,-9.79760932922363,0
08-06-2015-12:04:44:837,-5.21882915496826,25.9904956817627,-9.76197910308838,0
08-06-2015-12:04:44:969,-5.21825313568115,25.9784393310547,-9.76453399658203,0
08-06-2015-12:04:45:097,-5.2007884979248,26.1529903411865,-9.72146320343018,0
08-06-2015-12:04:45:229,-4.96178293228149,26.1899700164795,-9.23385906219482,0
08-06-2015-12:04:45:357,-4.97498941421509,26.1789245605469,-9.33750915527344,0
08-06-2015-12:04:45:489,-4.94573068618774,26.1364841461182,-9.32643222808838,0
08-06-2015-12:04:45:617,-4.94397687911987,26.1463813781738,-9.34223747253418,0
08-06-2015-12:04:45:749,-4.93876600265503,26.1405162811279,-9.34161853790283,0
08-06-2015-12:04:45:876,-4.92070388793945,26.1305351257324,-9.33873558044434,0
08-06-2015-12:04:46:009,-4.87810516357422,26.1139583587646,-9.53913688659668,0
08-06-2015-12:04:46:136,-4.8641562461853,26.25022315979,-9.80973052978516,0
08-06-2015-12:04:46:269,-4.78232860565186,26.2291011810303,-9.90880966186523,100
08-06-2015-12:04:46:396,-4.58759212493896,26.3548393249512,-10.1682710647583,100
08-06-2015-12:04:46:568,-4.47166204452515,26.7387714385986,-10.4612283706665,100
08-06-2015-12:04:46:697,-4.5454216003418,26.703052520752,-9.94560718536377,100
08-06-2015-12:04:46:829,-4.5395359992981,26.6333599090576,-9.6851806640625,100
08-06-2015-12:04:47:001,-4.73996019363403,25.0304908752441,-10.4312267303467,100
08-06-2015-12:04:47:129,-4.61516141891479,26.1886768341064,-10.6074113845825,100
08-06-2015-12:04:47:261,-4.63426876068115,25.7331943511963,-11.0249328613281,100
08-06-2015-12:04:47:389,-4.64396190643311,25.8004951477051,-10.9560613632202,100
08-06-2015-12:04:47:520,-4.54644632339478,25.9397563934326,-10.7911233901978,100
08-06-2015-12:04:47:649,-4.54319715499878,25.9655742645264,-10.72287940979,100
08-06-2015-12:04:47:781,-4.54387998580933,26.0023918151855,-10.7095785140991,100
08-06-2015-12:04:47:913,-4.55949926376343,25.9910469055176,-10.774790763855,100
08-06-2015-12:04:48:041,-4.71581554412842,25.9732360839844,-10.793417930603,100
08-06-2015-12:04:48:173,-5.04040622711182,25.7037620544434,-10.9619588851929,100
08-06-2015-12:04:48:301,-5.21426200866699,25.7192096710205,-11.0016117095947,100
08-06-2015-12:04:48:433,-5.5704083442688,25.5359020233154,-11.2872638702393,100
08-06-2015-12:04:48:561,-5.58336353302002,25.4638824462891,-11.2694578170776,100
08-06-2015-12:04:48:693,-5.7740330696106,25.0833911895752,-11.7602529525757,100
08-06-2015-12:04:48:820,-5.80943393707275,25.106990814209,-11.6473770141602,100
08-06-2015-12:04:48:953,-5.80012989044189,25.1155986785889,-11.6362962722778,100
08-06-2015-12:04:49:081,-5.80133199691772,25.1183471679688,-11.6367979049683,100
08-06-2015-12:04:49:213,-5.75953722000122,25.2965869903564,-11.5760679244995,100
08-06-2015-12:04:49:341,-5.76569128036499,25.2968616485596,-11.5825567245483,100
08-06-2015-12:04:49:472,-5.70685291290283,25.3912944793701,-11.4958343505859,100
08-06-2015-12:04:49:600,-5.66353321075439,25.4357452392578,-11.4706001281738,100
08-06-2015-12:04:49:733,-5.61589574813843,25.4724464416504,-11.4047775268555,100
08-06-2015-12:04:49:864,-5.61792898178101,25.4666442871094,-11.4141817092896,100
08-06-2015-12:04:49:993,-5.61716222763062,25.4106826782227,-11.4161920547485,100
08-06-2015-12:04:50:124,-5.61908578872681,25.4127826690674,-11.4164447784424,100
08-06-2015-12:04:50:253,-5.61580038070679,25.4146213531494,-11.4187326431274,100
08-06-2015-12:04:50:384,-5.58053255081177,25.412769317627,-11.3611745834351,100
08-06-2015-12:04:50:513,-5.538987159729,25.5096893310547,-11.324857711792,100
08-06-2015-12:04:50:725,-5.5215425491333,25.5047912597656,-11.3411540985107,100
08-06-2015-12:04:50:937,-5.51359081268311,25.5018405914307,-11.3354234695435,100
08-06-2015-12:04:51:149,-5.43805027008057,25.5572662353516,-11.2705163955688,100
08-06-2015-12:04:51:357,-5.4284291267395,25.5699806213379,-11.2364883422852,100
08-06-2015-12:04:51:569,-5.4269232749939,25.5887813568115,-11.2238883972168,100
08-06-2015-12:04:51:781,-5.42786407470703,25.5966396331787,-11.2306318283081,0
08-06-2015-12:04:51:913,-5.41845417022705,25.6238613128662,-11.2532300949097,100
08-06-2015-12:04:52:041,-5.42737722396851,25.6554718017578,-11.2560062408447,100
08-06-2015-12:04:52:173,-5.42705917358398,25.6598777770996,-11.2702779769897,100
08-06-2015-12:04:52:300,-5.40299701690674,25.5021438598633,-11.2808179855347,100
08-06-2015-12:04:52:433,-5.417724609375,25.536865234375,-11.3470869064331,100
08-06-2015-12:04:52:565,-5.40651988983154,25.5527839660645,-11.3682861328125,100
08-06-2015-12:04:52:692,-5.3967490196228,25.5585021972656,-11.3655271530151,100
08-06-2015-12:04:52:825,-5.37638092041016,25.5583171844482,-11.3458232879639,100
08-06-2015-12:04:52:953,-5.35942888259888,25.5635795593262,-11.3029165267944,100
08-06-2015-12:04:53:085,-5.33898210525513,25.5656032562256,-11.2668743133545,100
08-06-2015-12:04:53:213,-5.3067946434021,25.5621109008789,-11.2666540145874,100
08-06-2015-12:04:53:344,-5.3049488067627,25.572961807251,-11.2746782302856,100
08-06-2015-12:04:53:473,-5.3105354309082,25.508321762085,-11.3434371948242,100
08-06-2015-12:04:53:605,-5.29474210739136,25.4216632843018,-11.2825365066528,100
08-06-2015-12:04:53:733,-5.29691696166992,25.4154472351074,-11.286431312561,100
08-06-2015-12:04:53:865,-5.32027769088745,25.4086437225342,-11.2998342514038,100
08-06-2015-12:04:54:561,-7.74123287200928,23.3773288726807,-19.563648223877,0
08-06-2015-12:04:54:733,-9.70924949645996,22.871036529541,-24.2258853912354,0
08-06-2015-12:04:54:901,-12.3946886062622,21.1623630523682,-28.5915412902832,0
08-06-2015-12:04:55:841,-13.9841184616089,17.7628784179688,-31.6568393707275,0
08-06-2015-12:04:56:053,-13.8559083938599,18.2253017425537,-30.5400657653809,0
08-06-2015-12:04:56:261,-14.0330657958984,18.1617336273193,-30.2905902862549,0
08-06-2015-12:04:56:472,-13.5787992477417,19.3794689178467,-28.3462982177734,0
08-06-2015-12:04:56:605,-13.7114124298096,19.8697776794434,-28.0649318695068,0
08-06-2015-12:04:56:733,-14.08127784729,19.2786998748779,-29.310115814209,0
08-06-2015-12:04:56:865,-14.3079509735107,19.4295444488525,-29.1656608581543,0
08-06-2015-12:04:57:036,-14.4424533843994,19.3637256622314,-28.8634548187256,0
08-06-2015-12:04:57:164,-14.511890411377,19.7148590087891,-28.9995021820068,0
08-06-2015-12:04:57:297,-14.3949022293091,19.5078563690186,-29.1455078125,0
08-06-2015-12:04:57:425,-13.8223237991333,19.3170566558838,-28.5247077941895,0
08-06-2015-12:04:57:556,-13.5188226699829,19.403736114502,-28.9910163879395,0
08-06-2015-12:04:57:689,-13.7448930740356,19.1657390594482,-28.6952991485596,0
08-06-2015-12:04:57:816,-13.7045383453369,19.1882038116455,-28.5896034240723,0
08-06-2015-12:04:57:949,-13.6711082458496,19.3662986755371,-28.4827518463135,0
08-06-2015-12:04:58:077,-13.642557144165,19.2773971557617,-28.5891361236572,0
08-06-2015-12:04:58:208,-13.5136060714722,19.4405212402344,-28.3055400848389,0
08-06-2015-12:04:58:341,-13.4465818405151,19.3757133483887,-28.0273723602295,0
08-06-2015-12:04:58:469,-13.5016202926636,19.4191246032715,-27.9875335693359,0
08-06-2015-12:04:58:601,-13.6125011444092,19.5050964355469,-28.126012802124,0
08-06-2015-12:04:58:729,-13.6482934951782,19.3825092315674,-28.1688117980957,0
08-06-2015-12:04:58:861,-13.688286781311,19.3247051239014,-28.1440525054932,0
08-06-2015-12:04:58:989,-13.5638628005981,19.4988079071045,-27.6785945892334,0
08-06-2015-12:04:59:121,-13.5943870544434,19.5223121643066,-27.6341228485107,0
08-06-2015-12:04:59:253,-13.5845365524292,19.5182647705078,-27.6045989990234,0
08-06-2015-12:04:59:381,-13.6186838150024,19.7441520690918,-27.4033908843994,0
08-06-2015-12:04:59:513,-13.5957813262939,19.8129959106445,-27.2300510406494,0
08-06-2015-12:04:59:641,-13.6036539077759,19.8387222290039,-27.2161273956299,0
08-06-2015-12:04:59:773,-13.5048122406006,19.6590156555176,-27.2286148071289,0
08-06-2015-12:04:59:901,-13.5172290802002,19.7137851715088,-27.2207508087158,0
08-06-2015-12:05:00:033,-13.4810085296631,19.6816310882568,-27.1689109802246,0
08-06-2015-12:05:00:165,-13.5026044845581,19.6479873657227,-27.2107639312744,0
08-06-2015-12:05:00:293,-13.5778999328613,19.7765941619873,-27.2820129394531,0
08-06-2015-12:05:00:425,-13.6374950408936,19.7593765258789,-27.4095764160156,0
08-06-2015-12:05:00:552,-13.5403099060059,19.7922229766846,-27.1407470703125,0
08-06-2015-12:05:00:684,-13.4969854354858,19.813440322876,-27.1137180328369,0
08-06-2015-12:05:00:813,-13.5028982162476,19.945873260498,-27.0666942596436,0
08-06-2015-12:05:00:985,-13.4993362426758,19.9554672241211,-27.0389957427979,0
08-06-2015-12:05:01:116,-13.4746999740601,19.9159736633301,-27.0106620788574,0
08-06-2015-12:05:01:245,-13.5286312103271,20.01979637146,-26.9256267547607,0
08-06-2015-12:05:01:373,-13.5194530487061,19.9878082275391,-26.9247798919678,0
08-06-2015-12:05:01:505,-13.482647895813,19.9537754058838,-26.9124164581299,0
08-06-2015-12:05:01:637,-13.4760770797729,19.9927749633789,-26.8540592193604,0
08-06-2015-12:05:01:805,-13.4755411148071,20.1207695007324,-26.8283519744873,0
08-06-2015-12:05:01:937,-13.4804010391235,20.1126499176025,-26.8844184875488,0
08-06-2015-12:05:02:065,-13.4867401123047,20.1231136322021,-26.865701675415,0
08-06-2015-12:05:02:196,-13.445164680481,20.1821727752686,-26.8947944641113,0
08-06-2015-12:05:02:329,-13.4434947967529,20.1615715026855,-26.8925914764404,0
08-06-2015-12:05:02:457,-13.466233253479,20.1387119293213,-26.9093341827393,0
08-06-2015-12:05:02:589,-13.4664831161499,19.9255313873291,-26.9419040679932,0
08-06-2015-12:05:02:717,-13.4372863769531,19.9740657806396,-26.9848957061768,0
08-06-2015-12:05:02:849,-13.4328355789185,19.9732818603516,-26.9770603179932,0
08-06-2015-12:05:02:981,-13.4321689605713,19.9915504455566,-26.9638442993164,0
08-06-2015-12:05:03:109,-13.4467878341675,20.110782623291,-26.9457931518555,0
08-06-2015-12:05:03:241,-13.3150100708008,20.160213470459,-26.8426666259766,0
08-06-2015-12:05:03:369,-13.3038311004639,20.1898956298828,-26.8122425079346,0
08-06-2015-12:05:03:540,-13.0930118560791,20.3521347045898,-26.5015678405762,0
08-06-2015-12:05:03:669,-12.9817743301392,20.0153656005859,-26.4751510620117,0
08-06-2015-12:05:03:801,-12.9881744384766,20.0332946777344,-26.4413719177246,0
08-06-2015-12:05:03:929,-13.009539604187,20.0933876037598,-26.417387008667,0
08-06-2015-12:05:04:061,-13.0433034896851,20.1236610412598,-26.4465713500977,0
08-06-2015-12:05:04:193,-13.0880737304688,20.0933094024658,-26.5137023925781,0
08-06-2015-12:05:04:321,-13.146110534668,20.1342067718506,-26.4673194885254,0
08-06-2015-12:05:04:453,-13.1838779449463,20.0454483032227,-26.5231819152832,0
08-06-2015-12:05:04:581,-13.1359596252441,20.1223621368408,-26.5773181915283,0
08-06-2015-12:05:04:713,-13.1506385803223,20.1095924377441,-26.6188449859619,0
08-06-2015-12:05:04:841,-13.2396936416626,19.9457397460938,-26.7507362365723,0
08-06-2015-12:05:05:013,-13.2728643417358,19.9564266204834,-26.6660861968994,0
08-06-2015-12:05:05:145,-13.2658500671387,19.9615592956543,-26.6772327423096,0
08-06-2015-12:05:05:273,-13.3028354644775,20.193115234375,-26.4908618927002,0
08-06-2015-12:05:05:405,-13.130747795105,20.2739505767822,-26.4056797027588,0
08-06-2015-12:05:05:533,-13.1536111831665,20.2160205841064,-26.4315147399902,0
08-06-2015-12:05:05:665,-13.1204414367676,20.2265567779541,-26.4196128845215,0
08-06-2015-12:05:05:832,-13.2162618637085,20.2102165222168,-26.6609325408936,0
08-06-2015-12:05:06:004,-9.17533302307129,11.5680370330811,-26.5624198913574,0
08-06-2015-12:05:06:137,-7.23745584487915,10.5548667907715,-23.9543190002441,100
08-06-2015-12:05:06:264,-8.0981969833374,13.9386863708496,-21.4754028320313,100
08-06-2015-12:05:06:396,-6.65013742446899,13.0858345031738,-18.485179901123,100
08-06-2015-12:05:06:565,-4.81186532974243,14.4454097747803,-15.1413078308105,100
08-06-2015-12:05:06:697,-3.63732695579529,14.9385166168213,-14.2244720458984,100
08-06-2015-12:05:06:829,-3.22322463989258,14.6992664337158,-13.1526975631714,100
08-06-2015-12:05:07:001,-2.71906232833862,16.0300540924072,-11.5125722885132,100
08-06-2015-12:05:07:173,-2.27698707580566,16.7399654388428,-11.1676216125488,100
08-06-2015-12:05:07:301,-1.83211815357208,16.8753147125244,-11.5280666351318,100
08-06-2015-12:05:07:433,-1.67961978912354,17.06276512146,-11.4202489852905,100
08-06-2015-12:05:07:561,-1.37746262550354,16.4749717712402,-11.4084405899048,100
08-06-2015-12:05:07:693,-1.26957714557648,16.2282791137695,-11.6071672439575,100
08-06-2015-12:05:07:821,-1.00365769863129,16.7906246185303,-10.6228561401367,100
08-06-2015-12:05:07:953,-1.19970393180847,16.8326015472412,-10.9522848129272,100
08-06-2015-12:05:08:084,-1.22917878627777,16.8023052215576,-10.970006942749,100
08-06-2015-12:05:08:212,-1.23571646213531,16.8052883148193,-10.9693250656128,100
08-06-2015-12:05:08:345,-1.2715812921524,16.834114074707,-10.9547700881958,100
08-06-2015-12:05:08:473,-1.27277767658234,16.7997436523438,-10.9661636352539,100
08-06-2015-12:05:08:605,-1.2723468542099,16.5820865631104,-11.007209777832,100
08-06-2015-12:05:08:732,-1.32503187656403,16.4517784118652,-11.0510959625244,100
08-06-2015-12:05:08:865,-1.32851803302765,16.5038070678711,-10.9484815597534,100
08-06-2015-12:05:08:993,-1.35261380672455,16.498046875,-10.9555921554565,100
08-06-2015-12:05:09:164,-1.36156523227692,16.5294818878174,-10.9791421890259,100
08-06-2015-12:05:09:297,-1.3676849603653,16.5440902709961,-10.9935646057129,100
08-06-2015-12:05:09:425,-1.40774595737457,16.535364151001,-11.0188264846802,100
08-06-2015-12:05:09:557,-1.41320335865021,16.5358924865723,-11.0674285888672,100
08-06-2015-12:05:09:684,-1.5036438703537,16.6433219909668,-11.1158905029297,100
08-06-2015-12:05:09:817,-1.55462670326233,16.6071529388428,-11.0666332244873,100
08-06-2015-12:05:09:945,-1.56363952159882,16.6249866485596,-11.0833206176758,100
08-06-2015-12:05:10:076,-1.55658900737762,16.5780048370361,-10.9563512802124,100
08-06-2015-12:05:10:205,-1.58088231086731,16.6840305328369,-10.9769802093506,100
08-06-2015-12:05:10:377,-1.59787940979004,16.6372261047363,-10.8828344345093,100
08-06-2015-12:05:10:509,-1.58604526519775,16.6056728363037,-10.8472518920898,100
08-06-2015-12:05:10:637,-1.58666157722473,16.6057395935059,-10.8511734008789,100
08-06-2015-12:05:10:769,-1.57466530799866,16.5883693695068,-10.844141960144,100
08-06-2015-12:05:10:901,-1.58851671218872,16.5884246826172,-10.8544750213623,100
08-06-2015-12:05:11:029,-1.5875700712204,16.601526260376,-10.8022432327271,100
08-06-2015-12:05:11:160,-1.59015309810638,16.6035690307617,-10.8057737350464,100
08-06-2015-12:05:11:289,-1.65073525905609,16.5609531402588,-10.8543739318848,100
08-06-2015-12:05:11:421,-1.65432465076447,16.3148937225342,-10.8810443878174,100
08-06-2015-12:05:11:549,-1.65571749210358,15.937370300293,-10.7739000320435,100
08-06-2015-12:05:11:681,-1.67396438121796,15.8848180770874,-10.7670745849609,100
08-06-2015-12:05:11:813,-1.62792241573334,14.9060649871826,-11.2484827041626,100
08-06-2015-12:05:11:941,-1.76566731929779,14.6936082839966,-11.41100025177,100
08-06-2015-12:05:12:073,-1.7364547252655,14.7212810516357,-11.3714389801025,100
08-06-2015-12:05:12:201,-1.71741795539856,14.7278070449829,-11.3342409133911,100
08-06-2015-12:05:12:333,-1.7216123342514,14.7623462677002,-11.3209543228149,100
08-06-2015-12:05:12:460,-1.70189666748047,14.7666606903076,-11.3197050094604,100
08-06-2015-12:05:12:592,-1.71114480495453,15.0311651229858,-11.1464805603027,100
08-06-2015-12:05:12:721,-1.71309852600098,15.0396480560303,-11.1417741775513,100
08-06-2015-12:05:12:849,-1.71215617656708,15.0449752807617,-11.1369724273682,100
08-06-2015-12:05:12:981,-1.72379231452942,15.0834646224976,-11.1448259353638,100
08-06-2015-12:05:13:153,-1.7198657989502,15.0798740386963,-11.169171333313,100
08-06-2015-12:05:13:281,-1.70637738704681,15.0773811340332,-11.1596384048462,100
08-06-2015-12:05:13:413,-1.66498935222626,14.9355621337891,-11.2426948547363,100
08-06-2015-12:05:13:541,-1.67044353485107,14.9113187789917,-11.275390625,100
08-06-2015-12:05:13:673,-1.60251843929291,14.8684911727905,-11.1979188919067,100
08-06-2015-12:05:13:800,-1.50739431381226,14.6992979049683,-11.2653522491455,100
08-06-2015-12:05:13:933,-1.52489137649536,14.6817998886108,-11.2718505859375,100
08-06-2015-12:05:14:065,-1.53124618530273,14.7236270904541,-11.2443685531616,100
08-06-2015-12:05:14:193,-1.61388576030731,14.8869533538818,-11.3438205718994,100
08-06-2015-12:05:14:325,-1.61632418632507,14.8816156387329,-11.3427639007568,100
08-06-2015-12:05:14:453,-1.62700712680817,15.0957660675049,-11.4967746734619,100
08-06-2015-12:05:14:585,0.534265995025635,12.7892770767212,-9.3294095993042,0
08-06-2015-12:05:14:957,1.86697018146515,-10.7339067459106,-7.92141008377075,0
