Timestamp,roll,pitch, yaw, eyes_up
08-06-2015-11:55:51:178,0,0,0,0
08-06-2015-11:55:51:349,0,0,0,0
08-06-2015-11:55:51:517,0,0,0,0
08-06-2015-11:55:52:337,-0.265105187892914,33.5815315246582,-3.3674533367157,0
08-06-2015-11:55:52:628,-0.978193938732147,35.1505241394043,-2.94129109382629,100
08-06-2015-11:55:52:880,-1.17527663707733,35.2093391418457,-3.10236263275146,0
08-06-2015-11:55:53:172,-0.960866570472717,35.1212120056152,-2.67339205741882,0
08-06-2015-11:55:54:028,-0.458055764436722,34.6244697570801,-2.48035669326782,100
08-06-2015-11:55:54:444,24.2516403198242,67.5153656005859,36.9465408325195,0
08-06-2015-11:55:54:652,0,0,0,0
08-06-2015-11:55:54:865,0,0,0,0
08-06-2015-11:55:55:561,-0.448942333459854,39.5297355651855,-3.27266240119934,100
08-06-2015-11:55:55:852,-0.524604916572571,35.6826934814453,-3.31261730194092,100
08-06-2015-11:55:56:145,-0.528415560722351,36.6204566955566,-3.3702392578125,100
08-06-2015-11:55:56:396,-0.733041703701019,36.778865814209,-3.1963894367218,100
08-06-2015-11:55:57:093,-0.399866849184036,34.691104888916,-3.45990705490112,100
08-06-2015-11:55:57:385,-0.444407552480698,34.749584197998,-3.30597162246704,100
08-06-2015-11:55:57:717,-0.535266935825348,35.0570640563965,-3.37921237945557,100
08-06-2015-11:55:57:973,-0.516045331954956,35.210865020752,-3.24991631507874,100
08-06-2015-11:55:58:669,-0.544248044490814,35.3988571166992,-3.18538451194763,100
08-06-2015-11:55:58:961,-0.58516925573349,35.5770797729492,-3.30776071548462,100
08-06-2015-11:55:59:212,-0.672263264656067,35.6664276123047,-3.17213344573975,100
08-06-2015-11:55:59:505,-0.762324810028076,35.6291923522949,-3.19870495796204,100
08-06-2015-11:56:00:241,-0.686262428760529,36.3038291931152,-3.31193828582764,0
08-06-2015-11:56:00:533,-0.529070198535919,36.4367408752441,-3.39612007141113,100
08-06-2015-11:56:00:784,-0.125759601593018,36.5733261108398,-3.41518998146057,100
08-06-2015-11:56:01:037,-0.340703725814819,36.7957344055176,-3.51068782806396,100
08-06-2015-11:56:01:853,-0.477168440818787,37.063060760498,-3.68216013908386,100
08-06-2015-11:56:02:105,-0.635891675949097,37.4330062866211,-3.76664400100708,100
08-06-2015-11:56:02:356,-0.64795196056366,37.4199523925781,-3.78022074699402,100
08-06-2015-11:56:02:608,-0.599906325340271,37.3178939819336,-3.74004077911377,100
08-06-2015-11:56:03:344,-0.302713304758072,36.3362121582031,-4.41072034835815,100
08-06-2015-11:56:03:637,-0.411810249090195,36.3634834289551,-4.50346899032593,100
08-06-2015-11:56:03:889,-0.452304303646088,36.5460548400879,-4.59517621994019,100
08-06-2015-11:56:04:140,-0.431639343500137,36.5445289611816,-4.52667474746704,100
08-06-2015-11:56:04:877,-0.442679613828659,36.5928649902344,-4.55104637145996,100
08-06-2015-11:56:05:129,-0.483484447002411,36.7736129760742,-4.66245412826538,100
08-06-2015-11:56:05:381,-0.540348172187805,36.7111129760742,-4.74360227584839,100
08-06-2015-11:56:05:673,-0.554567515850067,36.8105239868164,-4.7998514175415,100
08-06-2015-11:56:06:409,-0.556261479854584,36.8604698181152,-4.66394805908203,100
08-06-2015-11:56:06:660,-0.506428718566895,36.8004722595215,-4.58642387390137,100
08-06-2015-11:56:06:913,-0.340402662754059,36.792797088623,-4.42763328552246,100
08-06-2015-11:56:07:205,-0.395530790090561,37.0172882080078,-4.56006813049316,100
08-06-2015-11:56:07:981,-0.455403983592987,37.1698303222656,-4.66823244094849,100
08-06-2015-11:56:08:313,-0.685526430606842,37.3419799804688,-4.79607677459717,0
08-06-2015-11:56:08:564,-2.03672003746033,37.4794731140137,-6.57287216186523,100
08-06-2015-11:56:08:777,-3.53775024414063,37.3404426574707,-8.87705326080322,100
08-06-2015-11:56:09:512,-4.06915044784546,37.9565010070801,-7.01342821121216,100
08-06-2015-11:56:09:805,-4.14275455474854,37.666389465332,-7.02105617523193,100
08-06-2015-11:56:10:097,-3.98345017433167,37.6768684387207,-6.84084177017212,100
08-06-2015-11:56:10:349,-4.04537391662598,37.5380020141602,-6.99380445480347,100
08-06-2015-11:56:11:005,-4.40766954421997,38.0712661743164,-7.022301197052,100
08-06-2015-11:56:11:297,-4.67712545394897,38.4931678771973,-7.27698421478271,100
08-06-2015-11:56:11:549,-4.75100946426392,38.5345344543457,-7.29607105255127,100
08-06-2015-11:56:11:760,-4.7376561164856,38.533763885498,-7.27390003204346,100
08-06-2015-11:56:12:457,-4.70195007324219,38.4283409118652,-7.24287080764771,100
08-06-2015-11:56:12:669,-4.81822729110718,38.6355133056641,-7.14453458786011,100
08-06-2015-11:56:12:881,-4.82532453536987,38.5606346130371,-7.25260591506958,100
08-06-2015-11:56:13:092,-4.99850702285767,38.5083122253418,-7.28092288970947,100
08-06-2015-11:56:13:749,-4.40408992767334,37.8487777709961,-6.82323598861694,100
08-06-2015-11:56:13:996,-4.46956634521484,37.6702919006348,-6.8007173538208,100
08-06-2015-11:56:14:249,-4.39419269561768,37.9023857116699,-6.66574621200562,100
08-06-2015-11:56:14:501,-4.40266990661621,38.0676460266113,-6.63152313232422,100
08-06-2015-11:56:15:197,-4.33283233642578,37.7003479003906,-6.79898977279663,100
08-06-2015-11:56:15:409,-4.58751153945923,37.1908187866211,-7.28512811660767,100
08-06-2015-11:56:15:621,-4.64125156402588,37.2614784240723,-7.28552770614624,100
08-06-2015-11:56:15:793,-4.67922258377075,37.2289695739746,-7.35735845565796,100
08-06-2015-11:56:16:448,-4.72344350814819,40.4932441711426,-5.73716926574707,100
08-06-2015-11:56:16:700,-4.52200412750244,39.9641609191895,-5.81164169311523,100
08-06-2015-11:56:16:913,-4.61230611801147,39.8414039611816,-6.0013370513916,100
08-06-2015-11:56:17:120,-4.64102077484131,39.9310188293457,-5.84192562103271,100
08-06-2015-11:56:17:861,-4.56087160110474,39.9808311462402,-5.74157810211182,100
08-06-2015-11:56:18:073,-4.50736093521118,40.0498275756836,-5.71042680740356,100
08-06-2015-11:56:18:281,-4.83908176422119,40.0752143859863,-5.90065717697144,100
08-06-2015-11:56:18:492,-4.87360286712646,40.045711517334,-5.9816517829895,100
08-06-2015-11:56:19:149,-4.70775032043457,40.2620735168457,-6.28260660171509,100
08-06-2015-11:56:19:400,-4.69999647140503,39.8000106811523,-6.24375867843628,100
08-06-2015-11:56:19:653,-4.75518703460693,39.7901344299316,-6.27003526687622,100
08-06-2015-11:56:19:905,-4.43790006637573,39.8930740356445,-6.02604198455811,100
08-06-2015-11:56:20:561,-4.7748498916626,40.2773590087891,-6.40755605697632,100
08-06-2015-11:56:20:813,-4.79563140869141,40.2998886108398,-6.58972930908203,100
08-06-2015-11:56:21:065,-5.12673568725586,40.3250579833984,-6.86968660354614,100
08-06-2015-11:56:21:316,-5.39329242706299,40.2801475524902,-7.10245704650879,100
08-06-2015-11:56:21:973,-5.07977676391602,40.1907348632813,-6.72509145736694,100
08-06-2015-11:56:22:181,-4.85810327529907,39.8198699951172,-7.04968929290771,100
08-06-2015-11:56:22:433,-4.8189902305603,39.7430763244629,-6.97708225250244,100
08-06-2015-11:56:22:684,-4.66245317459106,39.518684387207,-6.78414726257324,100
08-06-2015-11:56:23:381,-5.11847496032715,39.5293998718262,-7.2573094367981,100
08-06-2015-11:56:23:633,-5.06943368911743,39.6754989624023,-7.47746419906616,100
08-06-2015-11:56:23:885,-5.19707870483398,39.7436485290527,-7.61281394958496,100
08-06-2015-11:56:24:137,-5.48474740982056,40.0728073120117,-7.85465955734253,100
08-06-2015-11:56:24:833,-5.04890537261963,39.5504188537598,-7.12636041641235,100
08-06-2015-11:56:25:125,-5.22484731674194,40.645881652832,-7.37236070632935,100
08-06-2015-11:56:25:376,-5.28936338424683,40.4787750244141,-7.60645389556885,100
08-06-2015-11:56:25:629,-5.24169635772705,40.3196029663086,-7.64143943786621,100
08-06-2015-11:56:26:285,-5.30806493759155,40.4721946716309,-7.9314136505127,100
08-06-2015-11:56:26:537,-5.25938272476196,40.3383369445801,-7.72084903717041,100
08-06-2015-11:56:26:789,-5.22575998306274,39.9021263122559,-7.77910947799683,100
08-06-2015-11:56:26:996,-4.99100637435913,39.6138648986816,-7.52829885482788,100
08-06-2015-11:56:27:657,-5.38890504837036,40.4243011474609,-7.85209894180298,100
08-06-2015-11:56:27:989,-6.96930265426636,40.2896842956543,-10.3450136184692,100
08-06-2015-11:56:28:280,-7.38823270797729,40.1226463317871,-10.7665233612061,100
08-06-2015-11:56:28:533,-7.40570068359375,39.8948822021484,-10.8431196212769,100
08-06-2015-11:56:29:228,-7.35571002960205,39.2998390197754,-10.1422700881958,100
08-06-2015-11:56:29:480,-7.1661262512207,39.3007888793945,-9.89140319824219,100
08-06-2015-11:56:29:693,-6.97216892242432,39.3129234313965,-9.85455894470215,100
08-06-2015-11:56:29:905,-6.92000389099121,39.2536087036133,-9.59289073944092,100
08-06-2015-11:56:30:641,-7.11161756515503,39.5975379943848,-9.76869487762451,100
08-06-2015-11:56:30:853,-7.05308818817139,39.3504219055176,-9.61823844909668,100
08-06-2015-11:56:31:064,-6.95015907287598,39.2328681945801,-9.60994529724121,100
08-06-2015-11:56:31:273,-7.01275825500488,39.4151649475098,-9.67551326751709,100
08-06-2015-11:56:32:012,-6.90452098846436,39.3304862976074,-9.6786413192749,100
08-06-2015-11:56:32:220,-6.95808506011963,38.9734954833984,-9.69273471832275,100
08-06-2015-11:56:32:433,-7.09474420547485,39.0720825195313,-9.75675392150879,100
08-06-2015-11:56:32:644,-7.07661151885986,39.000846862793,-9.81345272064209,100
08-06-2015-11:56:33:301,-7.27487707138062,39.1519660949707,-9.92105197906494,100
08-06-2015-11:56:33:553,-7.32845020294189,38.9382553100586,-9.77861976623535,100
08-06-2015-11:56:33:764,-7.46339797973633,38.9064826965332,-9.92157936096191,100
08-06-2015-11:56:33:973,-7.25902700424194,39.0236473083496,-9.77503395080566,100
08-06-2015-11:56:34:752,-7.3061318397522,38.9138946533203,-9.80612754821777,100
08-06-2015-11:56:35:044,-7.22300243377686,38.5538024902344,-10.0097131729126,100
08-06-2015-11:56:35:217,-6.72445726394653,38.7449417114258,-9.55028629302979,100
08-06-2015-11:56:35:384,-6.65144395828247,38.7370758056641,-9.53203392028809,100
08-06-2015-11:56:36:081,-6.79701280593872,38.5432891845703,-11.8609886169434,100
08-06-2015-11:56:36:333,-6.74151802062988,38.2214813232422,-11.7056159973145,100
08-06-2015-11:56:36:585,-6.81573820114136,38.0998497009277,-11.7957668304443,100
08-06-2015-11:56:36:837,-6.63317012786865,37.9133033752441,-11.7128267288208,100
08-06-2015-11:56:37:572,-6.59431409835815,37.7673683166504,-11.6243295669556,100
08-06-2015-11:56:37:824,-6.64294290542603,37.8176307678223,-11.7893896102905,100
08-06-2015-11:56:38:076,-6.44622707366943,37.5756225585938,-11.8310556411743,100
08-06-2015-11:56:38:329,-6.48463821411133,37.693058013916,-11.7739391326904,100
08-06-2015-11:56:38:985,-6.77239370346069,38.3425827026367,-12.097541809082,100
08-06-2015-11:56:39:237,-6.77467918395996,38.1365509033203,-12.1324424743652,100
08-06-2015-11:56:39:488,-6.75431203842163,38.0370559692383,-12.0886926651001,100
08-06-2015-11:56:39:737,-6.7608437538147,38.1079864501953,-12.1643390655518,100
08-06-2015-11:56:40:437,-6.51441240310669,37.9360885620117,-11.8965101242065,100
08-06-2015-11:56:40:689,-6.64751672744751,37.8732109069824,-12.1231861114502,100
08-06-2015-11:56:40:901,-6.66134881973267,37.8665428161621,-12.1734447479248,100
08-06-2015-11:56:41:153,-6.76310253143311,37.8242835998535,-12.2403621673584,100
08-06-2015-11:56:41:929,-6.25352811813354,37.811107635498,-11.7873382568359,100
08-06-2015-11:56:42:141,-0.77865070104599,35.9510650634766,-6.19747686386108,100
08-06-2015-11:56:42:309,-0.649664521217346,35.791374206543,-6.10944795608521,100
08-06-2015-11:56:42:481,-0.815442204475403,35.9557495117188,-6.15561962127686,100
08-06-2015-11:56:43:137,-1.78575253486633,36.400562286377,-7.36454677581787,100
08-06-2015-11:56:43:388,-2.48680114746094,36.3307304382324,-8.66543197631836,100
08-06-2015-11:56:43:640,-2.57522463798523,36.1329231262207,-8.83622646331787,100
08-06-2015-11:56:43:892,-2.92590355873108,36.1227264404297,-9.07590103149414,100
08-06-2015-11:56:44:509,-2.46514177322388,36.5517044067383,-8.80292415618896,100
08-06-2015-11:56:44:761,-2.4784529209137,36.3464889526367,-8.91082382202148,100
08-06-2015-11:56:44:969,-2.41251635551453,36.2068252563477,-8.9271183013916,100
08-06-2015-11:56:45:220,-2.3912661075592,36.0988082885742,-8.88278007507324,100
08-06-2015-11:56:45:877,-2.29997682571411,36.1993064880371,-9.04386043548584,100
08-06-2015-11:56:46:129,-2.80022263526917,36.4013786315918,-9.49276447296143,100
08-06-2015-11:56:46:341,-2.93366622924805,36.2573051452637,-9.60572338104248,100
08-06-2015-11:56:46:553,-3.02646589279175,36.156795501709,-9.58028888702393,100
08-06-2015-11:56:47:249,-3.42849278450012,36.0801086425781,-9.68959045410156,100
08-06-2015-11:56:47:461,-3.40535402297974,36.0821418762207,-9.55805397033691,100
08-06-2015-11:56:47:669,-3.40652203559875,36.0324440002441,-9.67421054840088,100
08-06-2015-11:56:47:921,-3.30510854721069,35.9499168395996,-9.5416088104248,100
08-06-2015-11:56:48:620,-3.28599977493286,36.1209335327148,-9.42222023010254,100
08-06-2015-11:56:48:869,-3.38341927528381,36.1805229187012,-9.59975910186768,100
08-06-2015-11:56:49:081,-2.90671229362488,34.8867797851563,-8.38429832458496,100
08-06-2015-11:56:49:252,-3.14494681358337,35.3806304931641,-8.75043201446533,100
08-06-2015-11:56:49:989,-3.03275036811829,35.5687561035156,-8.70784187316895,100
08-06-2015-11:56:50:161,-3.15928864479065,35.6974983215332,-8.84172439575195,100
08-06-2015-11:56:50:372,-3.10034608840942,35.6936645507813,-8.81939506530762,100
08-06-2015-11:56:50:540,-3.23341298103333,35.9327049255371,-8.94017505645752,100
08-06-2015-11:56:51:197,-2.34379959106445,33.2341766357422,-6.86451578140259,100
08-06-2015-11:56:51:448,-2.39537191390991,33.2128486633301,-7.0149245262146,100
08-06-2015-11:56:51:661,-2.39536356925964,33.266429901123,-7.07130289077759,100
08-06-2015-11:56:51:872,-2.3568754196167,33.1099052429199,-7.11916542053223,100
08-06-2015-11:56:52:608,-2.29268002510071,33.0950126647949,-7.04293298721313,100
08-06-2015-11:56:52:821,-2.29213666915894,33.1537170410156,-7.0211067199707,100
08-06-2015-11:56:53:032,-2.34592843055725,32.9669036865234,-7.01519012451172,100
08-06-2015-11:56:53:241,-2.34464883804321,32.9400291442871,-7.01640129089355,100
08-06-2015-11:56:53:936,-2.44174861907959,32.5221786499023,-7.13633155822754,100
08-06-2015-11:56:54:149,-2.47047257423401,32.526611328125,-7.15771675109863,100
08-06-2015-11:56:54:361,-2.43118667602539,32.2915115356445,-7.3581395149231,100
08-06-2015-11:56:54:613,-2.46037626266479,32.276252746582,-7.3886251449585,100
08-06-2015-11:56:55:309,-2.50435256958008,32.2119255065918,-7.45209693908691,100
08-06-2015-11:56:55:600,-2.49482870101929,32.3442344665527,-7.41971731185913,100
08-06-2015-11:56:55:813,-2.53384160995483,32.3451766967773,-7.46753835678101,100
08-06-2015-11:56:56:025,-2.53051424026489,32.3769264221191,-7.46716451644897,100
08-06-2015-11:56:56:681,-2.5533492565155,32.774356842041,-7.39734554290771,100
08-06-2015-11:56:56:932,-2.57004404067993,32.8171348571777,-7.38050746917725,100
08-06-2015-11:56:57:181,-2.40436315536499,33.0484046936035,-7.21741056442261,100
08-06-2015-11:56:57:433,-2.41979265213013,33.0849685668945,-7.23823499679565,100
08-06-2015-11:56:58:088,-2.3833475112915,33.1027717590332,-7.22275304794312,100
08-06-2015-11:56:58:341,-2.43270468711853,33.2752799987793,-7.28915977478027,100
08-06-2015-11:56:58:593,-2.47720003128052,33.2378845214844,-7.32208347320557,100
08-06-2015-11:56:58:885,-2.69977188110352,34.3670501708984,-7.67796993255615,0
08-06-2015-11:56:59:540,-3.67569255828857,38.6870651245117,-8.26986789703369,100
08-06-2015-11:56:59:793,-3.76128315925598,39.1297187805176,-8.31183338165283,100
08-06-2015-11:57:00:045,-3.8689124584198,39.0341300964355,-8.34155941009521,100
08-06-2015-11:57:00:252,-3.87635135650635,39.0068359375,-8.33936023712158,100
08-06-2015-11:57:01:032,-3.84545302391052,39.229190826416,-8.2963809967041,100
08-06-2015-11:57:01:244,-4.05965566635132,39.4296951293945,-8.28756523132324,100
08-06-2015-11:57:01:453,-4.07535171508789,39.6461791992188,-8.50953960418701,100
08-06-2015-11:57:01:705,-3.72972583770752,39.0148391723633,-8.2724609375,100
08-06-2015-11:57:02:361,-3.91470289230347,39.018871307373,-7.99231290817261,100
08-06-2015-11:57:02:612,-4.17350387573242,39.4346046447754,-7.95996379852295,100
08-06-2015-11:57:02:825,-4.03144979476929,39.4043998718262,-7.97031307220459,100
08-06-2015-11:57:03:037,-3.97386884689331,39.5686187744141,-7.89014339447021,100
08-06-2015-11:57:03:813,-3.93224239349365,39.526798248291,-7.83024597167969,100
08-06-2015-11:57:04:025,-3.79900646209717,39.413761138916,-7.70589208602905,100
08-06-2015-11:57:04:233,-3.68409109115601,39.4705390930176,-7.55295705795288,100
08-06-2015-11:57:04:445,-3.74618268013,39.559196472168,-7.66601705551147,100
08-06-2015-11:57:05:181,-3.75571298599243,39.3621215820313,-7.76642560958862,100
08-06-2015-11:57:05:393,-3.65707492828369,39.1362800598145,-7.6872353553772,100
08-06-2015-11:57:05:605,-3.73555040359497,39.0429611206055,-7.67662000656128,100
08-06-2015-11:57:05:856,-3.63244438171387,39.1673774719238,-7.61755180358887,100
08-06-2015-11:57:06:593,-3.66456198692322,39.4015884399414,-7.67370367050171,100
08-06-2015-11:57:06:805,-4.23902130126953,37.9302673339844,-8.71238994598389,0
08-06-2015-11:57:07:013,-5.55473041534424,34.8175163269043,-11.2583646774292,0
08-06-2015-11:57:07:225,-6.35355281829834,32.8656425476074,-13.439998626709,0
08-06-2015-11:57:07:921,-7.67409944534302,31.7647838592529,-15.3652238845825,0
08-06-2015-11:57:08:093,-9.51456737518311,30.8286094665527,-16.9007434844971,0
08-06-2015-11:57:08:305,-9.54568767547607,30.7975406646729,-16.9047107696533,0
08-06-2015-11:57:08:477,-9.58159828186035,30.8087730407715,-17.0115261077881,0
08-06-2015-11:57:09:173,-9.55019187927246,30.835729598999,-17.0160140991211,0
08-06-2015-11:57:09:341,-10.4608373641968,31.1388854980469,-18.8030967712402,0
08-06-2015-11:57:09:512,-10.4566211700439,31.2174549102783,-18.8107757568359,0
08-06-2015-11:57:09:685,-10.380316734314,31.2590866088867,-18.7168579101563,0
08-06-2015-11:57:10:381,-10.3704252243042,31.2003974914551,-18.6455554962158,0
08-06-2015-11:57:10:553,-10.2814245223999,31.1734771728516,-18.5910053253174,0
08-06-2015-11:57:10:721,-10.3909797668457,31.0702285766602,-18.6475677490234,0
08-06-2015-11:57:10:892,-10.2679996490479,31.1010627746582,-18.6581153869629,0
08-06-2015-11:57:11:549,-10.3181734085083,31.0940647125244,-18.7226581573486,0
08-06-2015-11:57:11:721,-10.2598876953125,31.10817527771,-18.4275455474854,0
08-06-2015-11:57:11:888,-10.2653398513794,31.1163730621338,-18.4833698272705,0
08-06-2015-11:57:12:061,-10.2683210372925,31.1396598815918,-18.4867496490479,0
08-06-2015-11:57:12:757,-10.3360395431519,31.1267204284668,-18.5191459655762,0
08-06-2015-11:57:12:929,-10.3151006698608,31.0942306518555,-18.512659072876,0
08-06-2015-11:57:13:096,-10.3046503067017,31.1424427032471,-18.5942420959473,0
08-06-2015-11:57:13:269,-10.3802242279053,31.1052856445313,-18.7106971740723,0
08-06-2015-11:57:13:965,-10.4006938934326,31.1472225189209,-18.7375316619873,0
08-06-2015-11:57:14:137,-10.3835439682007,31.1347675323486,-18.7694721221924,0
08-06-2015-11:57:14:305,-10.3152437210083,31.1599807739258,-18.7267665863037,0
08-06-2015-11:57:14:477,-10.2549524307251,31.1926975250244,-18.6281814575195,0
08-06-2015-11:57:15:173,-10.2432804107666,31.1390991210938,-18.6082592010498,0
08-06-2015-11:57:15:384,-10.2329626083374,31.1303367614746,-18.7044334411621,0
08-06-2015-11:57:15:557,-10.2589960098267,31.0979309082031,-18.7028293609619,0
08-06-2015-11:57:15:725,-10.2643661499023,31.112756729126,-18.7334747314453,0
08-06-2015-11:57:16:421,-10.2880363464355,31.1299495697021,-18.7278270721436,0
08-06-2015-11:57:16:593,-10.2296342849731,31.1604709625244,-18.7730464935303,0
08-06-2015-11:57:16:765,-10.2556943893433,31.1969337463379,-18.7914714813232,0
08-06-2015-11:57:16:933,-10.2490091323853,31.1475124359131,-18.8036289215088,0
08-06-2015-11:57:17:673,-10.3573665618896,31.1587066650391,-18.802978515625,0
08-06-2015-11:57:17:840,-10.3794393539429,31.1392669677734,-18.8518371582031,0
08-06-2015-11:57:18:013,-10.4746875762939,31.1322174072266,-18.9413566589355,0
08-06-2015-11:57:18:184,-10.5232515335083,31.1304912567139,-18.9879760742188,0
08-06-2015-11:57:18:920,-10.4988660812378,31.1064949035645,-19.001335144043,0
08-06-2015-11:57:19:093,-10.6361379623413,31.1336917877197,-19.0633869171143,0
08-06-2015-11:57:19:260,-10.6270399093628,31.1309432983398,-19.0624542236328,0
08-06-2015-11:57:19:432,-10.6033906936646,31.1833209991455,-19.0771026611328,0
08-06-2015-11:57:20:088,-10.6055335998535,31.19775390625,-19.1072998046875,0
08-06-2015-11:57:20:261,-10.5879831314087,31.2087211608887,-19.1082401275635,0
08-06-2015-11:57:20:429,-10.7767858505249,31.169864654541,-19.4473667144775,0
08-06-2015-11:57:20:641,-10.7871065139771,31.1586627960205,-19.4508476257324,0
08-06-2015-11:57:21:336,-10.7534999847412,31.1970100402832,-19.4604606628418,0
08-06-2015-11:57:21:509,-10.6796083450317,31.1915035247803,-19.4657802581787,0
08-06-2015-11:57:21:680,-10.6861400604248,31.1728401184082,-19.4722766876221,100
08-06-2015-11:57:21:888,-10.7659044265747,31.1139984130859,-19.5467739105225,100
08-06-2015-11:57:22:585,-10.7975978851318,31.1286106109619,-19.5786018371582,0
08-06-2015-11:57:22:757,-10.6992683410645,31.1663665771484,-19.5311622619629,0
08-06-2015-11:57:22:929,-10.73060131073,31.1689434051514,-19.5740280151367,0
08-06-2015-11:57:23:101,-10.6898527145386,31.1793003082275,-19.5436744689941,0
08-06-2015-11:57:23:797,-10.7500467300415,31.2002830505371,-19.5569820404053,0
08-06-2015-11:57:24:049,0,0,0,0
08-06-2015-11:57:24:176,-9.54097557067871,18.8915767669678,-19.7615871429443,0
08-06-2015-11:57:24:348,-9.9322395324707,16.3430118560791,-20.5354156494141,0
08-06-2015-11:57:24:477,-10.2719192504883,16.9825191497803,-20.2883167266846,0
08-06-2015-11:57:24:609,-10.2732248306274,16.9704704284668,-20.2166137695313,0
08-06-2015-11:57:24:736,-10.3870725631714,17.3559989929199,-20.2286586761475,0
08-06-2015-11:57:24:868,-10.5185947418213,18.4495468139648,-20.076099395752,0
08-06-2015-11:57:24:996,-10.507833480835,18.2063503265381,-20.0338191986084,0
08-06-2015-11:57:25:129,-10.6227607727051,18.2335968017578,-20.0528945922852,0
08-06-2015-11:57:25:256,-10.736047744751,17.8919429779053,-20.1501426696777,0
08-06-2015-11:57:25:389,-10.7469549179077,17.1932430267334,-20.382604598999,0
08-06-2015-11:57:25:517,-10.9043369293213,18.5331573486328,-20.0100765228271,0
08-06-2015-11:57:25:649,-10.9907484054565,18.081371307373,-20.0085620880127,0
08-06-2015-11:57:25:780,-10.9732360839844,18.1209964752197,-19.9885482788086,0
08-06-2015-11:57:25:908,-10.9743003845215,18.2537536621094,-19.9969062805176,0
08-06-2015-11:57:26:041,-10.983790397644,18.2727184295654,-20.0146751403809,0
08-06-2015-11:57:26:169,-11.1815910339355,18.7909297943115,-20.2488803863525,0
08-06-2015-11:57:26:301,-11.3930187225342,18.5558242797852,-20.4675159454346,0
08-06-2015-11:57:26:428,-11.3567085266113,18.6124687194824,-20.4441585540771,0
08-06-2015-11:57:26:681,-10.919849395752,20.5537738800049,-19.5671482086182,0
08-06-2015-11:57:26:813,-10.9626770019531,20.4867744445801,-19.4625301361084,0
08-06-2015-11:57:26:941,-11.0185632705688,20.4009799957275,-19.4479389190674,0
08-06-2015-11:57:27:113,-11.0314979553223,20.2466793060303,-19.52707862854,0
08-06-2015-11:57:27:284,-10.9909534454346,19.9959678649902,-19.5124683380127,0
08-06-2015-11:57:27:452,-10.8050737380981,19.6813850402832,-19.8698577880859,0
08-06-2015-11:57:27:624,-10.7956371307373,19.7251129150391,-19.8724365234375,0
08-06-2015-11:57:27:837,-10.8148231506348,19.7168483734131,-19.8096599578857,0
08-06-2015-11:57:28:005,-10.8536605834961,19.7147846221924,-19.8939189910889,0
08-06-2015-11:57:28:177,-10.8573694229126,19.929292678833,-19.6961917877197,0
08-06-2015-11:57:28:309,-11.0190448760986,19.8238906860352,-19.9878234863281,0
08-06-2015-11:57:28:436,-11.0289859771729,19.8041934967041,-20.0314979553223,0
08-06-2015-11:57:28:568,-11.0231513977051,19.7658042907715,-20.0535755157471,0
08-06-2015-11:57:28:736,-10.9891290664673,19.6425476074219,-20.0761585235596,0
08-06-2015-11:57:28:869,-10.9989547729492,19.6189556121826,-20.0500183105469,0
08-06-2015-11:57:29:000,-10.9893760681152,19.6229457855225,-20.0546894073486,0
08-06-2015-11:57:29:128,-11.0252180099487,19.8773193359375,-20.0213813781738,0
08-06-2015-11:57:29:261,-11.0364208221436,19.8940048217773,-20.009256362915,0
08-06-2015-11:57:29:388,-11.0745573043823,19.901252746582,-20.0116367340088,0
08-06-2015-11:57:29:520,-11.120512008667,19.9437351226807,-20.1764831542969,0
08-06-2015-11:57:29:692,-11.0918350219727,20.1873664855957,-20.1314010620117,0
08-06-2015-11:57:29:825,-11.1809453964233,20.0448570251465,-20.1992740631104,0
08-06-2015-11:57:29:952,-11.2784547805786,19.8543910980225,-20.35764503479,0
08-06-2015-11:57:30:085,-11.1333427429199,19.4274253845215,-20.7994174957275,0
08-06-2015-11:57:30:213,-11.1970443725586,19.1734447479248,-21.0690517425537,0
08-06-2015-11:57:30:344,-11.2355680465698,19.1223239898682,-21.1093826293945,0
08-06-2015-11:57:30:472,-11.1889371871948,19.1044616699219,-20.9719486236572,0
08-06-2015-11:57:30:604,-11.1071968078613,19.1662292480469,-21.0025959014893,0
08-06-2015-11:57:30:736,-11.1088743209839,19.3186416625977,-20.7820873260498,0
08-06-2015-11:57:30:865,-11.1074848175049,19.310676574707,-20.8487300872803,0
08-06-2015-11:57:30:997,-11.2475032806396,19.3081378936768,-20.9065723419189,0
08-06-2015-11:57:31:125,-11.1872320175171,19.585470199585,-20.7931518554688,0
08-06-2015-11:57:31:256,-11.1366815567017,19.5417671203613,-20.6589870452881,0
08-06-2015-11:57:31:385,-11.1230316162109,19.5651378631592,-20.6237125396729,0
08-06-2015-11:57:31:516,-11.0446891784668,19.1587314605713,-20.5951366424561,0
08-06-2015-11:57:31:645,-11.0270338058472,19.2225379943848,-20.5676231384277,0
08-06-2015-11:57:31:777,-11.0220708847046,19.2862377166748,-20.4340496063232,0
08-06-2015-11:57:31:904,-10.8515005111694,18.9980411529541,-20.5004749298096,0
08-06-2015-11:57:32:036,-10.8576622009277,18.9796714782715,-20.4989700317383,0
08-06-2015-11:57:32:168,-10.8688726425171,18.9127807617188,-20.5396747589111,0
08-06-2015-11:57:32:297,-10.3271837234497,17.8096294403076,-21.895055770874,0
08-06-2015-11:57:32:429,-8.08445358276367,15.3891019821167,-17.8987197875977,100
08-06-2015-11:57:32:557,-5.86180067062378,15.7088556289673,-13.5700559616089,100
08-06-2015-11:57:32:729,-4.5725417137146,16.8416347503662,-10.9935207366943,100
08-06-2015-11:57:32:856,-1.99342954158783,16.1574687957764,-7.1371865272522,100
08-06-2015-11:57:32:989,-0.485471218824387,18.5429592132568,-4.69808959960938,100
08-06-2015-11:57:33:121,0.0245142709463835,17.9915771484375,-3.66019082069397,100
08-06-2015-11:57:33:249,-0.113730691373348,17.8375625610352,-4.10121917724609,100
08-06-2015-11:57:33:381,-0.583395659923553,17.0332794189453,-4.80115079879761,100
08-06-2015-11:57:33:509,-0.553208827972412,17.3917045593262,-4.65608978271484,100
08-06-2015-11:57:33:641,-0.529576182365417,18.1988296508789,-4.37055587768555,100
08-06-2015-11:57:33:768,-0.53190141916275,18.1850395202637,-4.37365865707397,100
08-06-2015-11:57:33:901,-0.483486264944077,18.5010433197021,-4.34508180618286,100
08-06-2015-11:57:34:032,-0.490698307752609,18.4251651763916,-4.33263444900513,100
08-06-2015-11:57:34:160,-0.462728530168533,18.388952255249,-4.29022359848022,100
08-06-2015-11:57:34:292,-0.357699692249298,18.6044483184814,-4.24189424514771,100
08-06-2015-11:57:34:421,-0.381199985742569,18.7639617919922,-4.25238704681396,100
08-06-2015-11:57:34:553,-0.402721911668777,18.6789989471436,-4.36722660064697,100
08-06-2015-11:57:34:684,-0.353519022464752,20.0826091766357,-4.28891611099243,100
08-06-2015-11:57:34:812,-0.324763268232346,20.1627922058105,-4.38352680206299,100
08-06-2015-11:57:34:945,-0.397928684949875,19.9462947845459,-4.3746771812439,100
08-06-2015-11:57:35:073,-0.375160247087479,19.8972988128662,-4.34154748916626,100
08-06-2015-11:57:35:204,-0.374250203371048,20.0593147277832,-4.32910966873169,100
08-06-2015-11:57:35:332,-0.393535375595093,19.9978637695313,-4.3379955291748,100
08-06-2015-11:57:35:465,-0.40912589430809,19.8939323425293,-4.45445728302002,100
08-06-2015-11:57:35:593,-0.413068890571594,19.7503890991211,-4.5287823677063,100
08-06-2015-11:57:35:725,-0.566661715507507,20.249340057373,-4.67697525024414,100
08-06-2015-11:57:35:852,-0.591455221176147,20.2952289581299,-4.81006717681885,100
08-06-2015-11:57:35:985,-0.64637690782547,20.3247699737549,-4.86337757110596,100
08-06-2015-11:57:36:113,-0.742219924926758,20.3068561553955,-4.94694089889526,100
08-06-2015-11:57:36:245,-0.750936150550842,20.2923755645752,-4.8935718536377,100
08-06-2015-11:57:36:373,-0.7575404047966,20.0516262054443,-4.93208789825439,100
08-06-2015-11:57:36:505,-0.716170132160187,20.0008525848389,-4.90864372253418,100
08-06-2015-11:57:36:673,-0.716709196567535,19.9781169891357,-4.94728994369507,100
08-06-2015-11:57:36:805,-0.744460701942444,19.9857368469238,-5.01911735534668,100
08-06-2015-11:57:36:937,-0.923630475997925,20.2241058349609,-5.2095685005188,100
08-06-2015-11:57:37:065,-0.920466959476471,20.2320079803467,-5.19927978515625,100
08-06-2015-11:57:37:197,-0.915827393531799,20.2256164550781,-5.19060468673706,100
08-06-2015-11:57:37:325,-0.918155908584595,20.2157649993896,-5.17212915420532,100
08-06-2015-11:57:37:457,-1.00334846973419,20.1365089416504,-5.26137685775757,100
08-06-2015-11:57:37:585,-1.02231180667877,20.2262802124023,-5.28205060958862,100
08-06-2015-11:57:37:716,-0.982414245605469,20.2338905334473,-5.26215076446533,100
08-06-2015-11:57:37:845,-1.03388249874115,20.2634716033936,-5.32175207138062,100
08-06-2015-11:57:37:977,-1.12511098384857,20.2415199279785,-5.54627990722656,100
08-06-2015-11:57:38:109,-1.16411542892456,20.3518581390381,-5.56164264678955,100
08-06-2015-11:57:38:237,-1.2129533290863,20.3694019317627,-5.44919013977051,100
08-06-2015-11:57:38:369,-1.23350179195404,20.4056587219238,-5.41584157943726,100
08-06-2015-11:57:38:501,-1.15581965446472,20.3857269287109,-5.35131549835205,100
08-06-2015-11:57:38:629,-1.15125024318695,20.3407726287842,-5.34773445129395,100
08-06-2015-11:57:38:756,-1.15554594993591,20.4006195068359,-5.36998176574707,100
08-06-2015-11:57:38:889,-1.24005043506622,20.7912654876709,-5.56690263748169,100
08-06-2015-11:57:39:021,-1.20218503475189,20.8019618988037,-5.50825548171997,100
08-06-2015-11:57:39:148,-1.29303121566772,20.5956420898438,-5.6187105178833,100
08-06-2015-11:57:39:280,-1.30002081394196,20.292594909668,-5.66566133499146,100
08-06-2015-11:57:39:409,-1.28269565105438,20.2318019866943,-5.61129951477051,100
08-06-2015-11:57:39:540,-1.37640678882599,20.4196605682373,-5.78740406036377,100
08-06-2015-11:57:39:668,-1.37585031986237,20.570104598999,-5.77801179885864,100
08-06-2015-11:57:39:841,-1.29257416725159,20.3655376434326,-5.73199081420898,100
08-06-2015-11:57:39:969,-1.31978523731232,16.9174766540527,-6.15471649169922,0
08-06-2015-11:57:40:221,-1.12827122211456,14.380298614502,-5.09272193908691,0
08-06-2015-11:57:40:432,1.42560744285584,-7.95054006576538,-2.88535666465759,0
08-06-2015-11:57:40:605,-42.2236480712891,40.8545761108398,-82.4631958007813,0
08-06-2015-11:57:40:733,-68.4225311279297,36.3881645202637,-102.158050537109,0
08-06-2015-11:57:40:905,-97.1049423217773,22.0308418273926,-119.064605712891,0
08-06-2015-11:57:41:033,0,0,0,0
08-06-2015-11:57:41:164,0,0,0,0
08-06-2015-11:57:41:297,0,0,0,0
08-06-2015-11:57:41:425,0,0,0,0
08-06-2015-11:57:41:596,0,0,0,0
